343228.0,32.0,8946.0,>threshold2
394864.0,8.0,11098.0,>threshold2
64275.0,16.0,4.0,>threshold2
64276.0,8.0,1.0,>threshold2
64313.0,8.0,104267.0,>threshold2
64269.0,32.0,104260.0,>threshold2
64312.0,8.0,104271.0,>threshold2
470906.0,8.0,84910.0,>threshold2
606524.0,16.0,1.0,>threshold2
672253.0,8.0,85201.0,>threshold2
673716.0,8.0,1.0,>threshold2
672209.0,8.0,1.0,>threshold2
672228.0,8.0,1.0,>threshold2
395217.0,8.0,11136.0,>threshold2
10030.0,8.0,3.0,>threshold2
78953.0,32.0,1.0,>threshold2
394897.0,8.0,109.0,>threshold2
75893.0,24.0,11514.0,>threshold2
75895.0,16.0,21863.0,>threshold2
395086.0,8.0,10509.0,>threshold2
395091.0,8.0,84.0,>threshold2
395761.0,8.0,604.0,>threshold2
394786.0,8.0,11718.0,>threshold2
394795.0,8.0,11711.0,>threshold2
396313.0,8.0,62515.0,>threshold2
396316.0,8.0,10416.0,>threshold2
606608.0,24.0,2.0,>threshold2
606609.0,24.0,1.0,>threshold2
606607.0,8.0,2.0,>threshold2
606611.0,16.0,4.0,>threshold2
606613.0,8.0,2.0,>threshold2
606611.0,8.0,2.0,>threshold2
606612.0,8.0,1.0,>threshold2
606613.0,24.0,1.0,>threshold2
398480.0,8.0,29919.0,>threshold2
6729.0,8.0,28222.0,>threshold2
7320.0,8.0,11645.0,>threshold2
455594.0,8.0,382.0,>threshold2
398562.0,8.0,383.0,>threshold2
606516.0,16.0,112305.0,>threshold2
382317.0,8.0,1.0,>threshold2
395564.0,8.0,11434.0,>threshold2
100898.0,8.0,10843.0,>threshold2
392148.0,8.0,27842.0,>threshold2
392149.0,16.0,2.0,>threshold2
392150.0,16.0,13.0,>threshold2
394151.0,8.0,12908.0,>threshold2
201033.0,8.0,57559.0,>threshold2
63778.0,8.0,1198.0,>threshold2
394732.0,8.0,12235.0,>threshold2
393426.0,8.0,1244.0,>threshold2
143563.0,64.0,13480.0,>threshold2
143585.0,64.0,5.0,>threshold2
143579.0,64.0,4.0,>threshold2
123809.0,8.0,12246.0,>threshold2
75870.0,8.0,1.0,>threshold2
185907.0,64.0,4.0,>threshold2
505041.0,8.0,33.0,>threshold2
505042.0,48.0,37.0,>threshold2
505045.0,8.0,12.0,>threshold2
185930.0,64.0,15.0,>threshold2
505081.0,40.0,5.0,>threshold2
185911.0,16.0,3.0,>threshold2
505084.0,16.0,1.0,>threshold2
185912.0,16.0,1.0,>threshold2
505085.0,8.0,2.0,>threshold2
300744.0,16.0,13250.0,>threshold2
392240.0,8.0,74058.0,>threshold2
393288.0,8.0,2214.0,>threshold2
393338.0,8.0,34.0,>threshold2
393308.0,8.0,22.0,>threshold2
393392.0,8.0,67296.0,>threshold2
393426.0,8.0,67328.0,>threshold2
396399.0,8.0,11882.0,>threshold2
397887.0,8.0,14934.0,>threshold2
222029.0,32.0,14922.0,>threshold2
604329.0,8.0,84068.0,>threshold2
393288.0,8.0,12296.0,>threshold2
397864.0,8.0,12457.0,>threshold2
175059.0,64.0,1877.0,>threshold2
394200.0,8.0,39889.0,>threshold2
58870.0,8.0,6.0,>threshold2
393630.0,8.0,68939.0,>threshold2
395407.0,8.0,1836.0,>threshold2
393713.0,8.0,78469.0,>threshold2
281551.0,16.0,13596.0,>threshold2
396369.0,8.0,91303.0,>threshold2
202573.0,8.0,1.0,>threshold2
247235.0,8.0,98307.0,>threshold2
247236.0,8.0,17127.0,>threshold2
397844.0,8.0,3147.0,>threshold2
393553.0,8.0,20671.0,>threshold2
308696.0,16.0,4.0,>threshold2
308697.0,16.0,2.0,>threshold2
398759.0,8.0,2534.0,>threshold2
25488.0,8.0,49716.0,>threshold2
395292.0,8.0,90415.0,>threshold2
394039.0,8.0,105090.0,>threshold2
110379.0,32.0,14.0,>threshold2
110371.0,16.0,3.0,>threshold2
110356.0,16.0,16.0,>threshold2
110357.0,32.0,21.0,>threshold2
110381.0,16.0,2.0,>threshold2
343201.0,8.0,1.0,>threshold2
66006.0,8.0,2638.0,>threshold2
111795.0,8.0,2639.0,>threshold2
110363.0,16.0,1.0,>threshold2
111832.0,8.0,1.0,>threshold2
111831.0,8.0,84175.0,>threshold2
395565.0,8.0,101484.0,>threshold2
59213.0,8.0,104243.0,>threshold2
532478.0,64.0,65828.0,>threshold2
395572.0,8.0,52308.0,>threshold2
532630.0,56.0,52005.0,>threshold2
532634.0,8.0,33.0,>threshold2
166655.0,56.0,54101.0,>threshold2
201604.0,8.0,2168.0,>threshold2
395291.0,48.0,13938.0,>threshold2
395414.0,8.0,98.0,>threshold2
395416.0,8.0,2.0,>threshold2
395496.0,16.0,81.0,>threshold2
385026.0,8.0,101978.0,>threshold2
395506.0,8.0,101988.0,>threshold2
395769.0,8.0,224.0,>threshold2
395572.0,8.0,165.0,>threshold2
395634.0,8.0,90669.0,>threshold2
395635.0,8.0,5.0,>threshold2
282033.0,16.0,2341.0,>threshold2
282067.0,16.0,2815.0,>threshold2
385026.0,8.0,112833.0,>threshold2
288734.0,16.0,115675.0,>threshold2
288761.0,8.0,13.0,>threshold2
288762.0,8.0,1070.0,>threshold2
58443.0,112.0,2295.0,>threshold2
200501.0,16.0,3450.0,>threshold2
111829.0,8.0,80938.0,>threshold2
154775.0,64.0,1.0,>threshold2
154792.0,64.0,5.0,>threshold2
154796.0,8.0,4.0,>threshold2
154779.0,8.0,5.0,>threshold2
154780.0,24.0,6.0,>threshold2
154788.0,64.0,2.0,>threshold2
154796.0,8.0,3.0,>threshold2
668146.0,8.0,7.0,>threshold2
395564.0,8.0,10345.0,>threshold2
397847.0,8.0,86413.0,>threshold2
41574.0,64.0,81242.0,>threshold2
124664.0,8.0,579.0,>threshold2
124673.0,8.0,5764.0,>threshold2
124807.0,8.0,75893.0,>threshold2
41566.0,8.0,50406.0,>threshold2
395489.0,8.0,14160.0,>threshold2
668659.0,8.0,0.0,>threshold2
668120.0,8.0,1.0,>threshold2
330949.0,64.0,1.0,>threshold2
668706.0,8.0,4.0,>threshold2
668734.0,8.0,1.0,>threshold2
668579.0,8.0,1.0,>threshold2
669000.0,8.0,1.0,>threshold2
668579.0,8.0,1.0,>threshold2
330940.0,8.0,79.0,>threshold2
668575.0,8.0,81.0,>threshold2
395752.0,8.0,79367.0,>threshold2
395128.0,8.0,79319.0,>threshold2
395128.0,8.0,0.0,>threshold2
395259.0,8.0,14568.0,>threshold2
395553.0,8.0,8661.0,>threshold2
395198.0,8.0,93066.0,>threshold2
395579.0,8.0,346.0,>threshold2
395045.0,8.0,488.0,>threshold2
37925.0,8.0,116370.0,>threshold2
394158.0,8.0,882.0,>threshold2
395574.0,8.0,90303.0,>threshold2
394939.0,8.0,0.0,>threshold2
397635.0,8.0,2399.0,>threshold2
395473.0,8.0,1923.0,>threshold2
395408.0,8.0,90505.0,>threshold2
395791.0,8.0,91112.0,>threshold2
395020.0,8.0,10628.0,>threshold2
395772.0,8.0,38178.0,>threshold2
395036.0,8.0,275.0,>threshold2
395477.0,8.0,403.0,>threshold2
395307.0,8.0,145.0,>threshold2
395483.0,8.0,363.0,>threshold2
395289.0,8.0,170.0,>threshold2
395479.0,8.0,166.0,>threshold2
395408.0,8.0,90658.0,>threshold2
395767.0,8.0,90907.0,>threshold2
395480.0,8.0,248.0,>threshold2
395230.0,8.0,225.0,>threshold2
395482.0,8.0,513.0,>threshold2
395483.0,8.0,1.0,>threshold2
395225.0,8.0,166.0,>threshold2
395262.0,8.0,37.0,>threshold2
395264.0,8.0,61729.0,>threshold2
393289.0,8.0,59950.0,>threshold2
395220.0,8.0,2.0,>threshold2
395418.0,8.0,172.0,>threshold2
395792.0,8.0,90436.0,>threshold2
395792.0,8.0,0.0,>threshold2
668012.0,8.0,343.0,>threshold2
668101.0,8.0,1234.0,>threshold2
668950.0,8.0,2.0,>threshold2
668951.0,8.0,4.0,>threshold2
70535.0,48.0,6.0,>threshold2
70538.0,48.0,83873.0,>threshold2
70549.0,64.0,3.0,>threshold2
70553.0,16.0,18446.0,>threshold2
70554.0,48.0,18450.0,>threshold2
70593.0,32.0,83865.0,>threshold2
70938.0,48.0,47134.0,>threshold2
70941.0,80.0,15.0,>threshold2
70946.0,48.0,20.0,>threshold2
70957.0,80.0,154.0,>threshold2
70962.0,32.0,46.0,>threshold2
70964.0,16.0,196.0,>threshold2
70949.0,16.0,1.0,>threshold2
70950.0,48.0,188.0,>threshold2
71876.0,40.0,117383.0,>threshold2
71879.0,48.0,117393.0,>threshold2
71882.0,40.0,117390.0,>threshold2
71900.0,8.0,117388.0,>threshold2
71901.0,120.0,5.0,>threshold2
71916.0,40.0,117352.0,>threshold2
71919.0,48.0,117360.0,>threshold2
71922.0,16.0,117340.0,>threshold2
71923.0,24.0,10.0,>threshold2
71908.0,8.0,117329.0,>threshold2
70276.0,56.0,78307.0,>threshold2
70280.0,32.0,78285.0,>threshold2
70282.0,16.0,78376.0,>threshold2
70283.0,24.0,78378.0,>threshold2
70292.0,8.0,27.0,>threshold2
70293.0,80.0,12.0,>threshold2
70298.0,40.0,106088.0,>threshold2
70316.0,8.0,106137.0,>threshold2
70317.0,16.0,23917.0,>threshold2
70318.0,104.0,23881.0,>threshold2
394057.0,8.0,176.0,>threshold2
393902.0,8.0,112.0,>threshold2
393834.0,8.0,63.0,>threshold2
394054.0,8.0,172.0,>threshold2
393834.0,8.0,172.0,>threshold2
393901.0,8.0,62.0,>threshold2
393938.0,8.0,36.0,>threshold2
394063.0,8.0,83.0,>threshold2
393940.0,8.0,82.0,>threshold2
394090.0,8.0,107.0,>threshold2
397863.0,8.0,8906.0,>threshold2
397881.0,8.0,16457.0,>threshold2
398016.0,8.0,25364.0,>threshold2
398018.0,8.0,1.0,>threshold2
397886.0,8.0,10618.0,>threshold2
397878.0,8.0,9307.0,>threshold2
398037.0,8.0,19926.0,>threshold2
397927.0,8.0,1.0,>threshold2
397975.0,8.0,119600.0,>threshold2
397894.0,8.0,119601.0,>threshold2
201595.0,8.0,49.0,>threshold2
382297.0,8.0,2403.0,>threshold2
382273.0,8.0,8.0,>threshold2
382304.0,8.0,6477.0,>threshold2
382316.0,8.0,6482.0,>threshold2
382266.0,16.0,186.0,>threshold2
382267.0,16.0,184.0,>threshold2
382276.0,8.0,5.0,>threshold2
382274.0,8.0,1.0,>threshold2
75089.0,8.0,1003.0,>threshold2
111863.0,8.0,2.0,>threshold2
111865.0,8.0,3.0,>threshold2
111861.0,8.0,1.0,>threshold2
111860.0,8.0,5.0,>threshold2
111863.0,8.0,1.0,>threshold2
111866.0,8.0,8.0,>threshold2
111862.0,8.0,7.0,>threshold2
111864.0,8.0,4.0,>threshold2
111860.0,8.0,6.0,>threshold2
111868.0,8.0,7.0,>threshold2
111792.0,8.0,7365.0,>threshold2
111791.0,8.0,6489.0,>threshold2
111792.0,8.0,6489.0,>threshold2
111796.0,8.0,3242.0,>threshold2
111794.0,8.0,3486.0,>threshold2
111794.0,8.0,0.0,>threshold2
111796.0,8.0,3486.0,>threshold2
111788.0,8.0,1155.0,>threshold2
111788.0,8.0,0.0,>threshold2
111793.0,8.0,50.0,>threshold2
111844.0,8.0,1.0,>threshold2
111851.0,8.0,1.0,>threshold2
111834.0,8.0,4254.0,>threshold2
111835.0,8.0,4250.0,>threshold2
396351.0,8.0,14.0,>threshold2
396357.0,8.0,7.0,>threshold2
396394.0,8.0,26.0,>threshold2
396385.0,8.0,6.0,>threshold2
398058.0,8.0,6047.0,>threshold2
396373.0,8.0,106103.0,>threshold2
396371.0,8.0,100046.0,>threshold2
396361.0,8.0,79631.0,>threshold2
396386.0,8.0,15740.0,>threshold2
393729.0,8.0,61447.0,>threshold2
398640.0,8.0,165.0,>threshold2
398714.0,8.0,1.0,>threshold2
398640.0,8.0,1.0,>threshold2
394797.0,8.0,18583.0,>threshold2
398489.0,8.0,10397.0,>threshold2
398636.0,8.0,17447.0,>threshold2
19.0,8.0,11508.0,>threshold2
398495.0,8.0,28952.0,>threshold2
398495.0,8.0,0.0,>threshold2
4961.0,8.0,28979.0,>threshold2
395728.0,8.0,118378.0,>threshold2
396353.0,8.0,101104.0,>threshold2
395729.0,8.0,98922.0,>threshold2
395725.0,8.0,81.0,>threshold2
395724.0,8.0,98374.0,>threshold2
395725.0,8.0,98374.0,>threshold2
395724.0,8.0,98374.0,>threshold2
90096.0,8.0,17742.0,>threshold2
56329.0,32.0,1.0,>threshold2
396405.0,8.0,17232.0,>threshold2
398492.0,8.0,29037.0,>threshold2
398553.0,8.0,28893.0,>threshold2
398563.0,8.0,89.0,>threshold2
398492.0,8.0,29038.0,>threshold2
398491.0,8.0,29218.0,>threshold2
398494.0,8.0,29046.0,>threshold2
397112.0,8.0,16648.0,>threshold2
73199.0,8.0,16649.0,>threshold2
21275.0,8.0,1.0,>threshold2
397671.0,8.0,16101.0,>threshold2
397671.0,8.0,0.0,>threshold2
55633.0,8.0,16102.0,>threshold2
397113.0,8.0,16650.0,>threshold2
11143.0,8.0,16651.0,>threshold2
397675.0,8.0,16099.0,>threshold2
397642.0,8.0,33.0,>threshold2
585279.0,128.0,8.0,>threshold2
585399.0,128.0,8.0,>threshold2
398473.0,8.0,667.0,>threshold2
398484.0,8.0,29476.0,>threshold2
397752.0,8.0,13052.0,>threshold2
398002.0,8.0,16425.0,>threshold2
398575.0,8.0,1.0,>threshold2
56334.0,8.0,1.0,>threshold2
394168.0,8.0,19827.0,>threshold2
398372.0,8.0,8148.0,>threshold2
394136.0,32.0,8180.0,>threshold2
526791.0,8.0,22672.0,>threshold2
317034.0,8.0,1.0,>threshold2
397015.0,8.0,17372.0,>threshold2
397013.0,8.0,2.0,>threshold2
397014.0,8.0,1.0,>threshold2
397014.0,8.0,0.0,>threshold2
396792.0,8.0,202.0,>threshold2
397011.0,8.0,199.0,>threshold2
397010.0,8.0,1.0,>threshold2
397012.0,8.0,2.0,>threshold2
397011.0,8.0,1.0,>threshold2
396961.0,8.0,12383.0,>threshold2
396402.0,32.0,522.0,>threshold2
317010.0,8.0,16773.0,>threshold2
396960.0,8.0,17294.0,>threshold2
396787.0,8.0,161.0,>threshold2
396962.0,8.0,163.0,>threshold2
386026.0,16.0,72096.0,>threshold2
386027.0,112.0,2.0,>threshold2
396502.0,32.0,71648.0,>threshold2
396420.0,16.0,93534.0,>threshold2
396937.0,8.0,2.0,>threshold2
316998.0,8.0,17254.0,>threshold2
396934.0,8.0,17252.0,>threshold2
396936.0,8.0,2.0,>threshold2
316997.0,8.0,17255.0,>threshold2
396933.0,8.0,17252.0,>threshold2
396931.0,8.0,2.0,>threshold2
396862.0,8.0,17493.0,>threshold2
396856.0,8.0,17498.0,>threshold2
396856.0,8.0,0.0,>threshold2
396855.0,8.0,17497.0,>threshold2
396855.0,8.0,0.0,>threshold2
396853.0,8.0,2.0,>threshold2
83540.0,8.0,17648.0,>threshold2
396816.0,8.0,90.0,>threshold2
2743.0,8.0,28329.0,>threshold2
398617.0,8.0,8829.0,>threshold2
398692.0,8.0,10027.0,>threshold2
398693.0,8.0,10013.0,>threshold2
113002.0,8.0,102488.0,>threshold2
113002.0,8.0,0.0,>threshold2
393452.0,8.0,20994.0,>threshold2
113003.0,8.0,20995.0,>threshold2
393451.0,8.0,20996.0,>threshold2
394216.0,8.0,565.0,>threshold2
113003.0,8.0,20431.0,>threshold2
22561.0,8.0,1.0,>threshold2
393453.0,8.0,20995.0,>threshold2
73599.0,8.0,20996.0,>threshold2
8297.0,8.0,10501.0,>threshold2
393963.0,8.0,20706.0,>threshold2
386076.0,96.0,69247.0,>threshold2
393696.0,8.0,69024.0,>threshold2
386075.0,8.0,69025.0,>threshold2
398446.0,16.0,26331.0,>threshold2
398447.0,16.0,13936.0,>threshold2
398469.0,8.0,6442.0,>threshold2
7859.0,8.0,1115.0,>threshold2
6744.0,8.0,91.0,>threshold2
396696.0,8.0,45735.0,>threshold2
37362.0,8.0,45736.0,>threshold2
396510.0,8.0,18425.0,>threshold2
396504.0,8.0,40827.0,>threshold2
65014.0,8.0,59253.0,>threshold2
396462.0,8.0,18466.0,>threshold2
396460.0,8.0,28063.0,>threshold2
55566.0,8.0,46530.0,>threshold2
398168.0,8.0,7470.0,>threshold2
398168.0,8.0,49078.0,>threshold2
396216.0,8.0,33002.0,>threshold2
396217.0,8.0,82074.0,>threshold2
396210.0,8.0,17089.0,>threshold2
396211.0,8.0,80459.0,>threshold2
396211.0,8.0,18705.0,>threshold2
30245.0,8.0,1.0,>threshold2
398005.0,8.0,118661.0,>threshold2
393247.0,8.0,56469.0,>threshold2
393250.0,8.0,31938.0,>threshold2
393252.0,16.0,24562.0,>threshold2
393253.0,16.0,97378.0,>threshold2
397855.0,8.0,19867.0,>threshold2
397754.0,8.0,15853.0,>threshold2
393251.0,8.0,78979.0,>threshold2
393342.0,64.0,75010.0,>threshold2
398125.0,8.0,119896.0,>threshold2
398125.0,8.0,0.0,>threshold2
397816.0,8.0,107306.0,>threshold2
393223.0,8.0,81051.0,>threshold2
393224.0,8.0,21354.0,>threshold2
393790.0,8.0,20946.0,>threshold2
394540.0,8.0,586.0,>threshold2
393826.0,32.0,580.0,>threshold2
393828.0,32.0,2.0,>threshold2
394537.0,8.0,575.0,>threshold2
394539.0,8.0,20502.0,>threshold2
394538.0,8.0,1.0,>threshold2
393832.0,32.0,572.0,>threshold2
124027.0,8.0,2.0,>threshold2
394715.0,8.0,20190.0,>threshold2
394732.0,16.0,15.0,>threshold2
394733.0,16.0,97463.0,>threshold2
394740.0,32.0,97471.0,>threshold2
394738.0,32.0,2.0,>threshold2
394742.0,32.0,6.0,>threshold2
394792.0,32.0,48.0,>threshold2
394756.0,8.0,35.0,>threshold2
124026.0,8.0,20153.0,>threshold2
394345.0,8.0,2.0,>threshold2
394346.0,8.0,1.0,>threshold2
394341.0,8.0,20771.0,>threshold2
394343.0,8.0,61803.0,>threshold2
394322.0,8.0,37411.0,>threshold2
396284.0,16.0,62557.0,>threshold2
396285.0,16.0,99364.0,>threshold2
396306.0,16.0,110315.0,>threshold2
396307.0,16.0,91409.0,>threshold2
396316.0,32.0,7.0,>threshold2
396318.0,16.0,2.0,>threshold2
385025.0,8.0,121549.0,>threshold2
398645.0,8.0,112841.0,>threshold2
58083.0,8.0,8709.0,>threshold2
398721.0,8.0,1.0,>threshold2
398733.0,8.0,451.0,>threshold2
13216.0,8.0,452.0,>threshold2
13694.0,8.0,1.0,>threshold2
398736.0,8.0,26748.0,>threshold2
10057.0,8.0,26749.0,>threshold2
393290.0,8.0,21589.0,>threshold2
398573.0,8.0,21590.0,>threshold2
394211.0,8.0,20960.0,>threshold2
398728.0,8.0,20961.0,>threshold2
4485.0,8.0,1.0,>threshold2
394722.0,8.0,20314.0,>threshold2
4484.0,8.0,20315.0,>threshold2
394602.0,8.0,20645.0,>threshold2
100.0,8.0,20646.0,>threshold2
394735.0,8.0,20305.0,>threshold2
396754.0,8.0,108.0,>threshold2
396810.0,8.0,55.0,>threshold2
396416.0,8.0,94926.0,>threshold2
396420.0,8.0,1134.0,>threshold2
396434.0,8.0,93483.0,>threshold2
85726.0,8.0,19222.0,>threshold2
396407.0,8.0,19243.0,>threshold2
84410.0,8.0,19244.0,>threshold2
396715.0,8.0,18960.0,>threshold2
398021.0,8.0,17073.0,>threshold2
398022.0,16.0,316.0,>threshold2
398005.0,8.0,118085.0,>threshold2
398019.0,8.0,117161.0,>threshold2
396414.0,8.0,19263.0,>threshold2
398102.0,8.0,18004.0,>threshold2
398114.0,16.0,46065.0,>threshold2
398115.0,16.0,4.0,>threshold2
398659.0,8.0,27775.0,>threshold2
25518.0,8.0,56444.0,>threshold2
397901.0,8.0,90897.0,>threshold2
34040.0,8.0,13171.0,>threshold2
397984.0,8.0,77697.0,>threshold2
4582.0,16.0,2.0,>threshold2
4583.0,16.0,1870.0,>threshold2
34380.0,16.0,1883.0,>threshold2
34381.0,16.0,106448.0,>threshold2
9338.0,16.0,106865.0,>threshold2
9339.0,16.0,428.0,>threshold2
59202.0,16.0,19.0,>threshold2
37196.0,8.0,97189.0,>threshold2
40098.0,8.0,2040.0,>threshold2
398467.0,8.0,14035.0,>threshold2
398421.0,8.0,14031.0,>threshold2
58869.0,8.0,5.0,>threshold2
398433.0,8.0,12142.0,>threshold2
11584.0,8.0,12143.0,>threshold2
398468.0,8.0,2932.0,>threshold2
398464.0,8.0,2933.0,>threshold2
11582.0,8.0,1.0,>threshold2
398774.0,16.0,1542.0,>threshold2
398775.0,16.0,387.0,>threshold2
398776.0,8.0,19295.0,>threshold2
317955.0,8.0,15620.0,>threshold2
85043.0,8.0,36071.0,>threshold2
85043.0,8.0,0.0,>threshold2
393487.0,8.0,22785.0,>threshold2
393631.0,8.0,90.0,>threshold2
393633.0,8.0,30199.0,>threshold2
9858.0,8.0,62046.0,>threshold2
9859.0,8.0,1.0,>threshold2
9859.0,8.0,0.0,>threshold2
393501.0,8.0,22906.0,>threshold2
85472.0,8.0,22907.0,>threshold2
85469.0,8.0,1.0,>threshold2
85470.0,8.0,1.0,>threshold2
85471.0,8.0,1.0,>threshold2
85471.0,8.0,0.0,>threshold2
85472.0,8.0,3.0,>threshold2
394593.0,8.0,22115.0,>threshold2
82598.0,8.0,36977.0,>threshold2
85054.0,8.0,1.0,>threshold2
13479.0,8.0,1.0,>threshold2
393873.0,8.0,22701.0,>threshold2
393874.0,8.0,1.0,>threshold2
13215.0,8.0,22701.0,>threshold2
406540.0,128.0,1.0,>threshold2
396264.0,16.0,119895.0,>threshold2
396265.0,16.0,99330.0,>threshold2
398050.0,8.0,79087.0,>threshold2
398049.0,8.0,1.0,>threshold2
398050.0,8.0,1.0,>threshold2
396300.0,16.0,15412.0,>threshold2
396301.0,16.0,63704.0,>threshold2
10002.0,8.0,10323.0,>threshold2
396278.0,8.0,10338.0,>threshold2
396292.0,32.0,9.0,>threshold2
396530.0,8.0,2.0,>threshold2
257942.0,8.0,20381.0,>threshold2
396531.0,8.0,20380.0,>threshold2
396531.0,8.0,0.0,>threshold2
257942.0,8.0,20380.0,>threshold2
257948.0,8.0,20380.0,>threshold2
396546.0,8.0,20379.0,>threshold2
396548.0,8.0,2.0,>threshold2
396547.0,8.0,1.0,>threshold2
396547.0,8.0,0.0,>threshold2
257948.0,8.0,20378.0,>threshold2
257949.0,8.0,1.0,>threshold2
28764.0,16.0,1755.0,>threshold2
28765.0,16.0,1756.0,>threshold2
31368.0,32.0,1755.0,>threshold2
257952.0,8.0,20373.0,>threshold2
396556.0,8.0,20375.0,>threshold2
396557.0,8.0,1.0,>threshold2
257953.0,8.0,20376.0,>threshold2
396639.0,8.0,20288.0,>threshold2
396640.0,32.0,1.0,>threshold2
396646.0,16.0,6.0,>threshold2
396650.0,8.0,8.0,>threshold2
396643.0,8.0,11.0,>threshold2
396658.0,32.0,21.0,>threshold2
589966.0,128.0,8.0,>threshold2
458741.0,8.0,49546.0,>threshold2
458701.0,8.0,26.0,>threshold2
458710.0,8.0,32.0,>threshold2
458702.0,8.0,33.0,>threshold2
458726.0,8.0,14.0,>threshold2
394854.0,8.0,98716.0,>threshold2
458748.0,8.0,26758.0,>threshold2
396107.0,8.0,1534.0,>threshold2
393555.0,8.0,2449.0,>threshold2
92308.0,8.0,1.0,>threshold2
81160.0,8.0,1.0,>threshold2
103984.0,8.0,1.0,>threshold2
21319.0,8.0,2313.0,>threshold2
69982.0,8.0,3582.0,>threshold2
94663.0,8.0,5896.0,>threshold2
107787.0,8.0,1.0,>threshold2
106794.0,8.0,1.0,>threshold2
104181.0,8.0,1.0,>threshold2
94354.0,8.0,2519.0,>threshold2
396011.0,8.0,21349.0,>threshold2
397772.0,64.0,101283.0,>threshold2
397776.0,32.0,4.0,>threshold2
397780.0,8.0,85214.0,>threshold2
397781.0,16.0,1030.0,>threshold2
397782.0,16.0,84187.0,>threshold2
397783.0,16.0,82154.0,>threshold2
397784.0,16.0,15419.0,>threshold2
397785.0,16.0,34646.0,>threshold2
397893.0,8.0,118094.0,>threshold2
26225.0,8.0,8253.0,>threshold2
67796.0,8.0,23790.0,>threshold2
393612.0,8.0,65417.0,>threshold2
90454.0,8.0,89207.0,>threshold2
393612.0,8.0,89207.0,>threshold2
393614.0,8.0,3224.0,>threshold2
393613.0,8.0,3241.0,>threshold2
6731.0,8.0,8349.0,>threshold2
652167.0,128.0,8.0,>threshold2
652191.0,128.0,8.0,>threshold2
652287.0,112.0,69567.0,>threshold2
652294.0,16.0,11.0,>threshold2
652207.0,128.0,69564.0,>threshold2
652303.0,48.0,69559.0,>threshold2
652306.0,16.0,7.0,>threshold2
652307.0,16.0,39706.0,>threshold2
652308.0,48.0,22816.0,>threshold2
652295.0,48.0,16879.0,>threshold2
636809.0,48.0,112097.0,>threshold2
636812.0,80.0,6.0,>threshold2
636801.0,48.0,14.0,>threshold2
636804.0,64.0,5.0,>threshold2
636808.0,16.0,4.0,>threshold2
636800.0,16.0,112098.0,>threshold2
41564.0,8.0,116123.0,>threshold2
99346.0,16.0,6643.0,>threshold2
99347.0,16.0,3880.0,>threshold2
60650.0,16.0,3856.0,>threshold2
60651.0,16.0,3857.0,>threshold2
99156.0,16.0,1.0,>threshold2
99157.0,16.0,3870.0,>threshold2
99154.0,16.0,9.0,>threshold2
99155.0,16.0,3880.0,>threshold2
98656.0,16.0,1.0,>threshold2
393467.0,8.0,92364.0,>threshold2
393438.0,8.0,68507.0,>threshold2
393439.0,8.0,80883.0,>threshold2
393486.0,8.0,80933.0,>threshold2
393488.0,8.0,2.0,>threshold2
393492.0,32.0,4.0,>threshold2
393484.0,8.0,8.0,>threshold2
393500.0,32.0,16.0,>threshold2
393516.0,16.0,84682.0,>threshold2
393517.0,16.0,84689.0,>threshold2
38000.0,16.0,122858.0,>threshold2
38001.0,16.0,4.0,>threshold2
38002.0,16.0,1.0,>threshold2
38003.0,16.0,55.0,>threshold2
393674.0,16.0,22758.0,>threshold2
393675.0,16.0,65976.0,>threshold2
393676.0,32.0,65978.0,>threshold2
393706.0,16.0,65421.0,>threshold2
393707.0,16.0,32152.0,>threshold2
396458.0,8.0,109.0,>threshold2
396512.0,16.0,44.0,>threshold2
396513.0,16.0,64965.0,>threshold2
397674.0,8.0,66093.0,>threshold2
396699.0,8.0,941.0,>threshold2
397622.0,16.0,889.0,>threshold2
397728.0,8.0,101.0,>threshold2
397733.0,8.0,6.0,>threshold2
397730.0,8.0,3.0,>threshold2
397731.0,8.0,1.0,>threshold2
313562.0,16.0,62.0,>threshold2
313563.0,16.0,69341.0,>threshold2
313564.0,32.0,69342.0,>threshold2
313550.0,16.0,59.0,>threshold2
313551.0,16.0,70.0,>threshold2
313566.0,16.0,9.0,>threshold2
313567.0,16.0,19.0,>threshold2
313616.0,32.0,74.0,>threshold2
283146.0,32.0,27681.0,>threshold2
667942.0,32.0,1.0,>threshold2
386346.0,16.0,109048.0,>threshold2
386347.0,16.0,24.0,>threshold2
386348.0,16.0,109029.0,>threshold2
386349.0,16.0,21.0,>threshold2
288855.0,16.0,112713.0,>threshold2
393630.0,8.0,18721.0,>threshold2
393718.0,8.0,56765.0,>threshold2
395406.0,32.0,1670.0,>threshold2
393713.0,8.0,78468.0,>threshold2
398064.0,8.0,88966.0,>threshold2
398066.0,8.0,88885.0,>threshold2
58870.0,8.0,88891.0,>threshold2
386420.0,32.0,108294.0,>threshold2
386422.0,64.0,2.0,>threshold2
187504.0,16.0,112002.0,>threshold2
69980.0,128.0,14.0,>threshold2
69736.0,16.0,73326.0,>threshold2
69737.0,16.0,4.0,>threshold2
69738.0,40.0,9.0,>threshold2
69988.0,128.0,74476.0,>threshold2
69844.0,8.0,97.0,>threshold2
69845.0,120.0,9.0,>threshold2
69836.0,8.0,17.0,>threshold2
70140.0,128.0,30.0,>threshold2
70172.0,8.0,30.0,>threshold2
70173.0,120.0,9.0,>threshold2
70188.0,8.0,1.0,>threshold2
70189.0,120.0,17.0,>threshold2
70204.0,8.0,15.0,>threshold2
70205.0,120.0,23.0,>threshold2
70244.0,128.0,52.0,>threshold2
70236.0,8.0,13.0,>threshold2
70237.0,120.0,6.0,>threshold2
70916.0,8.0,28.0,>threshold2
70917.0,120.0,9.0,>threshold2
70900.0,8.0,17.0,>threshold2
70901.0,120.0,9.0,>threshold2
70948.0,24.0,47096.0,>threshold2
70950.0,48.0,189.0,>threshold2
70953.0,56.0,32.0,>threshold2
70924.0,56.0,46962.0,>threshold2
382272.0,8.0,1966.0,>threshold2
382271.0,8.0,489.0,>threshold2
382273.0,8.0,490.0,>threshold2
382270.0,8.0,491.0,>threshold2
59213.0,8.0,2764.0,>threshold2
13.0,8.0,115589.0,>threshold2
382276.0,8.0,113318.0,>threshold2
144791.0,8.0,1944.0,>threshold2
382304.0,8.0,4531.0,>threshold2
382277.0,8.0,7031.0,>threshold2
37929.0,8.0,967.0,>threshold2
395483.0,8.0,13432.0,>threshold2
36242.0,8.0,14400.0,>threshold2
382265.0,8.0,11881.0,>threshold2
21946.0,8.0,3074.0,>threshold2
394864.0,8.0,14958.0,>threshold2
37929.0,8.0,13989.0,>threshold2
382289.0,8.0,2096.0,>threshold2
32290.0,8.0,502.0,>threshold2
25016.0,8.0,50597.0,>threshold2
397620.0,8.0,39063.0,>threshold2
397621.0,8.0,1.0,>threshold2
397620.0,8.0,1.0,>threshold2
397619.0,8.0,1.0,>threshold2
397619.0,8.0,0.0,>threshold2
397618.0,8.0,1.0,>threshold2
397616.0,8.0,2.0,>threshold2
397617.0,8.0,1.0,>threshold2
397617.0,8.0,0.0,>threshold2
134350.0,8.0,67719.0,>threshold2
134352.0,8.0,11712.0,>threshold2
134349.0,8.0,2.0,>threshold2
134353.0,8.0,11715.0,>threshold2
134351.0,8.0,1.0,>threshold2
134351.0,8.0,0.0,>threshold2
134352.0,8.0,11714.0,>threshold2
134350.0,8.0,11712.0,>threshold2
134349.0,8.0,11714.0,>threshold2
77353.0,8.0,654.0,>threshold2
293911.0,8.0,10474.0,>threshold2
39904.0,16.0,13430.0,>threshold2
395783.0,8.0,23473.0,>threshold2
395784.0,8.0,103449.0,>threshold2
98944.0,16.0,6395.0,>threshold2
398544.0,8.0,1.0,>threshold2
398413.0,8.0,1.0,>threshold2
94129.0,32.0,1.0,>threshold2
108609.0,24.0,3.0,>threshold2
398911.0,8.0,110827.0,>threshold2
99153.0,16.0,92159.0,>threshold2
394737.0,8.0,26299.0,>threshold2
8103.0,16.0,26301.0,>threshold2
73366.0,16.0,1.0,>threshold2
394752.0,8.0,26286.0,>threshold2
92253.0,32.0,26287.0,>threshold2
95834.0,24.0,3.0,>threshold2
95247.0,24.0,2.0,>threshold2
398063.0,8.0,92419.0,>threshold2
94580.0,24.0,92421.0,>threshold2
95666.0,24.0,2.0,>threshold2
83028.0,128.0,3.0,>threshold2
83036.0,128.0,8.0,>threshold2
100183.0,128.0,8.0,>threshold2
100191.0,64.0,8.0,>threshold2
100175.0,128.0,4.0,>threshold2
100167.0,128.0,8.0,>threshold2
100159.0,128.0,8.0,>threshold2
394950.0,8.0,27132.0,>threshold2
49690.0,64.0,27140.0,>threshold2
49694.0,16.0,25985.0,>threshold2
395004.0,8.0,73049.0,>threshold2
33943.0,128.0,27360.0,>threshold2
33951.0,16.0,8.0,>threshold2
395023.0,8.0,27366.0,>threshold2
322834.0,16.0,52.0,>threshold2
322835.0,16.0,16.0,>threshold2
322836.0,16.0,1.0,>threshold2
322837.0,16.0,14.0,>threshold2
322838.0,16.0,3.0,>threshold2
322839.0,8.0,372.0,>threshold2
395121.0,8.0,88393.0,>threshold2
343255.0,96.0,28350.0,>threshold2
343247.0,128.0,6.0,>threshold2
343239.0,128.0,8.0,>threshold2
52011.0,128.0,9.0,>threshold2
51859.0,40.0,120040.0,>threshold2
51862.0,64.0,5.0,>threshold2
51866.0,24.0,53.0,>threshold2
51883.0,40.0,5.0,>threshold2
51886.0,64.0,21.0,>threshold2
51890.0,24.0,32.0,>threshold2
51843.0,40.0,52.0,>threshold2
51846.0,88.0,9.0,>threshold2
51995.0,8.0,54229.0,>threshold2
53171.0,128.0,9.0,>threshold2
53211.0,128.0,9.0,>threshold2
53227.0,120.0,9.0,>threshold2
53235.0,8.0,27.0,>threshold2
53179.0,8.0,17.0,>threshold2
53180.0,120.0,18.0,>threshold2
53187.0,128.0,7.0,>threshold2
53195.0,128.0,8.0,>threshold2
53203.0,120.0,8.0,>threshold2
53211.0,8.0,40.0,>threshold2
440417.0,8.0,15827.0,>threshold2
440281.0,120.0,8.0,>threshold2
440401.0,128.0,24.0,>threshold2
440409.0,104.0,8.0,>threshold2
440416.0,16.0,16443.0,>threshold2
440417.0,8.0,576.0,>threshold2
440273.0,120.0,15874.0,>threshold2
440281.0,8.0,23.0,>threshold2
395216.0,8.0,30755.0,>threshold2
137220.0,16.0,20289.0,>threshold2
137207.0,8.0,19130.0,>threshold2
395198.0,8.0,30777.0,>threshold2
201771.0,88.0,2.0,>threshold2
201777.0,16.0,117541.0,>threshold2
201778.0,24.0,117547.0,>threshold2
201779.0,128.0,16699.0,>threshold2
201787.0,32.0,8.0,>threshold2
395555.0,8.0,121730.0,>threshold2
60593.0,32.0,121733.0,>threshold2
39172.0,96.0,2.0,>threshold2
46423.0,80.0,7.0,>threshold2
395241.0,8.0,31797.0,>threshold2
136499.0,112.0,31805.0,>threshold2
395231.0,8.0,31815.0,>threshold2
141630.0,120.0,31822.0,>threshold2
141614.0,24.0,41055.0,>threshold2
141616.0,16.0,16626.0,>threshold2
141617.0,88.0,24437.0,>threshold2
141598.0,24.0,6.0,>threshold2
141600.0,32.0,41101.0,>threshold2
141602.0,72.0,41103.0,>threshold2
311459.0,16.0,29.0,>threshold2
311460.0,16.0,5.0,>threshold2
311461.0,16.0,7.0,>threshold2
311462.0,16.0,1.0,>threshold2
311463.0,32.0,9.0,>threshold2
311465.0,16.0,8.0,>threshold2
311466.0,16.0,2.0,>threshold2
19603.0,128.0,117222.0,>threshold2
19595.0,128.0,8.0,>threshold2
19587.0,128.0,8.0,>threshold2
72756.0,8.0,33178.0,>threshold2
394928.0,8.0,33177.0,>threshold2
4833.0,72.0,33178.0,>threshold2
4825.0,128.0,5.0,>threshold2
347477.0,128.0,8.0,>threshold2
397639.0,8.0,30777.0,>threshold2
347469.0,120.0,30786.0,>threshold2
347477.0,8.0,9.0,>threshold2
347453.0,128.0,17.0,>threshold2
347461.0,120.0,8.0,>threshold2
394876.0,8.0,33846.0,>threshold2
394936.0,8.0,6007.0,>threshold2
38416.0,56.0,33915.0,>threshold2
38408.0,72.0,4.0,>threshold2
38413.0,16.0,32960.0,>threshold2
38414.0,32.0,32965.0,>threshold2
38416.0,8.0,9.0,>threshold2
73136.0,16.0,11.0,>threshold2
394936.0,8.0,33926.0,>threshold2
89444.0,48.0,33928.0,>threshold2
56098.0,8.0,34294.0,>threshold2
56090.0,128.0,1.0,>threshold2
56082.0,128.0,8.0,>threshold2
56074.0,128.0,8.0,>threshold2
56066.0,128.0,8.0,>threshold2
56058.0,128.0,8.0,>threshold2
56050.0,128.0,8.0,>threshold2
56042.0,128.0,8.0,>threshold2
56034.0,128.0,8.0,>threshold2
56026.0,128.0,8.0,>threshold2
45788.0,56.0,93757.0,>threshold2
45792.0,16.0,155.0,>threshold2
45793.0,16.0,20.0,>threshold2
45780.0,104.0,114.0,>threshold2
45787.0,24.0,22.0,>threshold2
394942.0,8.0,59276.0,>threshold2
47815.0,128.0,27547.0,>threshold2
47823.0,8.0,8.0,>threshold2
395742.0,8.0,127060.0,>threshold2
47530.0,128.0,127061.0,>threshold2
47538.0,8.0,8.0,>threshold2
45829.0,8.0,94684.0,>threshold2
45821.0,16.0,27.0,>threshold2
45822.0,16.0,84.0,>threshold2
45823.0,64.0,18.0,>threshold2
45827.0,32.0,95.0,>threshold2
452652.0,16.0,247.0,>threshold2
452653.0,112.0,14.0,>threshold2
452644.0,16.0,30.0,>threshold2
452645.0,112.0,9.0,>threshold2
397971.0,8.0,23462.0,>threshold2
452508.0,16.0,266.0,>threshold2
452509.0,112.0,12.0,>threshold2
395439.0,8.0,8068.0,>threshold2
71812.0,40.0,42578.0,>threshold2
84591.0,32.0,78662.0,>threshold2
51196.0,32.0,3.0,>threshold2
394955.0,8.0,97194.0,>threshold2
50772.0,32.0,97197.0,>threshold2
394956.0,8.0,36516.0,>threshold2
25455.0,16.0,35994.0,>threshold2
25456.0,8.0,1.0,>threshold2
89415.0,72.0,72514.0,>threshold2
394960.0,8.0,37311.0,>threshold2
34365.0,88.0,37317.0,>threshold2
23695.0,56.0,6.0,>threshold2
23699.0,16.0,122518.0,>threshold2
23700.0,8.0,122522.0,>threshold2
55424.0,32.0,1.0,>threshold2
394961.0,8.0,37327.0,>threshold2
380129.0,120.0,37330.0,>threshold2
380121.0,128.0,8.0,>threshold2
380113.0,128.0,8.0,>threshold2
443892.0,8.0,75621.0,>threshold2
443893.0,112.0,22692.0,>threshold2
443900.0,8.0,7.0,>threshold2
443884.0,8.0,76.0,>threshold2
443885.0,48.0,90.0,>threshold2
443888.0,32.0,22693.0,>threshold2
443890.0,40.0,8.0,>threshold2
411170.0,16.0,19414.0,>threshold2
411162.0,128.0,8.0,>threshold2
411154.0,80.0,54.0,>threshold2
282340.0,16.0,5.0,>threshold2
282341.0,16.0,23811.0,>threshold2
282342.0,48.0,23812.0,>threshold2
282345.0,16.0,99187.0,>threshold2
282346.0,32.0,99190.0,>threshold2
282324.0,32.0,2.0,>threshold2
282326.0,16.0,101126.0,>threshold2
282327.0,16.0,101128.0,>threshold2
282328.0,16.0,101135.0,>threshold2
282329.0,16.0,25.0,>threshold2
99956.0,16.0,47427.0,>threshold2
99957.0,16.0,78.0,>threshold2
99958.0,32.0,6.0,>threshold2
99960.0,32.0,54363.0,>threshold2
99962.0,16.0,2063.0,>threshold2
99963.0,16.0,375.0,>threshold2
99948.0,64.0,99269.0,>threshold2
99952.0,16.0,48808.0,>threshold2
99953.0,16.0,612.0,>threshold2
99954.0,16.0,488.0,>threshold2
132739.0,104.0,39491.0,>threshold2
132731.0,128.0,7.0,>threshold2
189218.0,48.0,8.0,>threshold2
189210.0,128.0,39475.0,>threshold2
108339.0,80.0,8.0,>threshold2
394919.0,8.0,39575.0,>threshold2
159890.0,128.0,39580.0,>threshold2
159850.0,48.0,102548.0,>threshold2
159853.0,32.0,24948.0,>threshold2
71965.0,32.0,11.0,>threshold2
71967.0,16.0,117316.0,>threshold2
71968.0,80.0,19.0,>threshold2
71957.0,112.0,9.0,>threshold2
71964.0,16.0,117285.0,>threshold2
71949.0,16.0,1.0,>threshold2
71950.0,16.0,117337.0,>threshold2
71951.0,64.0,2.0,>threshold2
71955.0,16.0,117336.0,>threshold2
71956.0,16.0,117288.0,>threshold2
155028.0,128.0,101351.0,>threshold2
155036.0,128.0,8.0,>threshold2
394997.0,8.0,41376.0,>threshold2
155020.0,128.0,41384.0,>threshold2
155012.0,128.0,8.0,>threshold2
155004.0,128.0,8.0,>threshold2
154996.0,128.0,8.0,>threshold2
154988.0,128.0,8.0,>threshold2
154980.0,128.0,8.0,>threshold2
154972.0,128.0,8.0,>threshold2
88518.0,48.0,2.0,>threshold2
394882.0,8.0,41944.0,>threshold2
152669.0,112.0,41947.0,>threshold2
152661.0,128.0,7.0,>threshold2
200639.0,8.0,16582.0,>threshold2
149872.0,32.0,16590.0,>threshold2
149864.0,128.0,2.0,>threshold2
395001.0,8.0,41853.0,>threshold2
307613.0,128.0,41861.0,>threshold2
84907.0,48.0,8.0,>threshold2
65750.0,128.0,8.0,>threshold2
40386.0,32.0,80099.0,>threshold2
40388.0,48.0,80107.0,>threshold2
40391.0,32.0,101620.0,>threshold2
40393.0,16.0,101623.0,>threshold2
40394.0,40.0,1.0,>threshold2
40378.0,32.0,80205.0,>threshold2
40380.0,48.0,4.0,>threshold2
40383.0,32.0,2.0,>threshold2
40385.0,16.0,91.0,>threshold2
148349.0,128.0,8.0,>threshold2
148365.0,48.0,8.0,>threshold2
148357.0,128.0,3.0,>threshold2
22321.0,16.0,8.0,>threshold2
36336.0,32.0,89929.0,>threshold2
36338.0,8.0,1238.0,>threshold2
36328.0,32.0,91168.0,>threshold2
36330.0,96.0,89948.0,>threshold2
36320.0,128.0,89950.0,>threshold2
63744.0,40.0,8.0,>threshold2
128400.0,128.0,3.0,>threshold2
128424.0,128.0,8.0,>threshold2
128408.0,128.0,8.0,>threshold2
395014.0,8.0,43083.0,>threshold2
69190.0,32.0,43091.0,>threshold2
395426.0,8.0,42730.0,>threshold2
395013.0,8.0,43096.0,>threshold2
40512.0,112.0,8.0,>threshold2
40504.0,128.0,7.0,>threshold2
40496.0,128.0,8.0,>threshold2
40488.0,64.0,105291.0,>threshold2
40492.0,64.0,105299.0,>threshold2
395020.0,8.0,123084.0,>threshold2
5315.0,104.0,123088.0,>threshold2
5364.0,128.0,7.0,>threshold2
132167.0,56.0,8.0,>threshold2
132159.0,128.0,4.0,>threshold2
49925.0,8.0,142303.0,>threshold2
49926.0,32.0,142311.0,>threshold2
49928.0,16.0,136332.0,>threshold2
49929.0,16.0,5588.0,>threshold2
395030.0,8.0,19811.0,>threshold2
204023.0,24.0,122111.0,>threshold2
204015.0,128.0,2.0,>threshold2
204007.0,128.0,8.0,>threshold2
203999.0,128.0,8.0,>threshold2
203991.0,128.0,8.0,>threshold2
323270.0,16.0,105.0,>threshold2
323271.0,16.0,122.0,>threshold2
323272.0,16.0,8.0,>threshold2
395072.0,8.0,88851.0,>threshold2
323257.0,16.0,88664.0,>threshold2
323260.0,16.0,159.0,>threshold2
323261.0,16.0,134613.0,>threshold2
323262.0,16.0,134617.0,>threshold2
29518.0,120.0,2.0,>threshold2
29526.0,8.0,2.0,>threshold2
101090.0,40.0,10.0,>threshold2
101082.0,120.0,3.0,>threshold2
101090.0,8.0,3.0,>threshold2
110982.0,40.0,46336.0,>threshold2
87374.0,16.0,3.0,>threshold2
87386.0,16.0,2.0,>threshold2
23197.0,48.0,1.0,>threshold2
9356.0,32.0,18306.0,>threshold2
23445.0,72.0,3.0,>threshold2
23450.0,8.0,146638.0,>threshold2
25031.0,8.0,63470.0,>threshold2
25032.0,16.0,7.0,>threshold2
25033.0,16.0,2.0,>threshold2
25034.0,16.0,14.0,>threshold2
25035.0,16.0,3.0,>threshold2
25036.0,16.0,8.0,>threshold2
25037.0,16.0,9.0,>threshold2
161505.0,24.0,109959.0,>threshold2
161507.0,64.0,19.0,>threshold2
161511.0,40.0,69.0,>threshold2
161513.0,8.0,2.0,>threshold2
161497.0,40.0,19.0,>threshold2
161500.0,16.0,69.0,>threshold2
161501.0,32.0,6.0,>threshold2
161503.0,40.0,10.0,>threshold2
161489.0,104.0,109964.0,>threshold2
161496.0,24.0,110030.0,>threshold2
47405.0,128.0,8.0,>threshold2
47397.0,128.0,8.0,>threshold2
47389.0,128.0,8.0,>threshold2
395079.0,8.0,132408.0,>threshold2
47453.0,64.0,132416.0,>threshold2
47445.0,128.0,4.0,>threshold2
81176.0,8.0,2017.0,>threshold2
81177.0,40.0,2025.0,>threshold2
19411.0,96.0,3.0,>threshold2
95556.0,24.0,6.0,>threshold2
56109.0,32.0,7.0,>threshold2
395083.0,8.0,107084.0,>threshold2
174323.0,96.0,107086.0,>threshold2
174307.0,128.0,7.0,>threshold2
174291.0,128.0,9.0,>threshold2
174315.0,8.0,1.0,>threshold2
174316.0,112.0,10.0,>threshold2
174323.0,8.0,25.0,>threshold2
174275.0,128.0,32.0,>threshold2
174299.0,8.0,8.0,>threshold2
143477.0,120.0,14.0,>threshold2
143485.0,8.0,8.0,>threshold2
143469.0,8.0,155.0,>threshold2
143470.0,112.0,171.0,>threshold2
143477.0,8.0,8.0,>threshold2
622.0,40.0,15.0,>threshold2
614.0,120.0,3.0,>threshold2
622.0,8.0,3.0,>threshold2
62789.0,72.0,11.0,>threshold2
62781.0,120.0,5.0,>threshold2
380505.0,32.0,16.0,>threshold2
380393.0,8.0,40.0,>threshold2
380394.0,112.0,43.0,>threshold2
380401.0,8.0,79.0,>threshold2
380481.0,8.0,68.0,>threshold2
380482.0,112.0,18.0,>threshold2
380489.0,8.0,42.0,>threshold2
380497.0,8.0,8.0,>threshold2
380498.0,112.0,41.0,>threshold2
380505.0,8.0,17.0,>threshold2
390104.0,16.0,125641.0,>threshold2
390105.0,16.0,2.0,>threshold2
390106.0,16.0,5.0,>threshold2
390107.0,16.0,2.0,>threshold2
390108.0,16.0,2.0,>threshold2
390109.0,16.0,2.0,>threshold2
390110.0,16.0,2.0,>threshold2
390111.0,16.0,2.0,>threshold2
390088.0,128.0,47.0,>threshold2
397091.0,128.0,9.0,>threshold2
397083.0,128.0,8.0,>threshold2
370573.0,128.0,47566.0,>threshold2
370581.0,128.0,8.0,>threshold2
370589.0,72.0,8.0,>threshold2
394880.0,8.0,49496.0,>threshold2
89138.0,48.0,49501.0,>threshold2
633430.0,32.0,3.0,>threshold2
633422.0,128.0,2.0,>threshold2
395754.0,8.0,147636.0,>threshold2
632448.0,128.0,8.0,>threshold2
632472.0,128.0,8.0,>threshold2
632560.0,128.0,8.0,>threshold2
632584.0,128.0,8.0,>threshold2
632616.0,128.0,8.0,>threshold2
632432.0,128.0,8.0,>threshold2
632456.0,128.0,8.0,>threshold2
632544.0,128.0,8.0,>threshold2
632568.0,128.0,8.0,>threshold2
632416.0,128.0,8.0,>threshold2
306928.0,32.0,1.0,>threshold2
306930.0,16.0,128641.0,>threshold2
306931.0,80.0,128643.0,>threshold2
306888.0,128.0,5.0,>threshold2
306872.0,128.0,8.0,>threshold2
307016.0,48.0,8.0,>threshold2
307019.0,16.0,75414.0,>threshold2
307020.0,16.0,75417.0,>threshold2
306912.0,112.0,1.0,>threshold2
306919.0,16.0,67990.0,>threshold2
387102.0,24.0,27.0,>threshold2
387104.0,16.0,1156.0,>threshold2
387105.0,88.0,1158.0,>threshold2
387086.0,128.0,18.0,>threshold2
387078.0,120.0,10.0,>threshold2
387086.0,8.0,10.0,>threshold2
387142.0,128.0,56.0,>threshold2
387134.0,128.0,8.0,>threshold2
387118.0,88.0,17.0,>threshold2
387124.0,40.0,7.0,>threshold2
22367.0,120.0,8.0,>threshold2
22375.0,8.0,12.0,>threshold2
283113.0,16.0,35886.0,>threshold2
283114.0,80.0,35906.0,>threshold2
283119.0,16.0,35864.0,>threshold2
283105.0,16.0,59.0,>threshold2
283106.0,112.0,35810.0,>threshold2
283089.0,16.0,36138.0,>threshold2
283090.0,48.0,36145.0,>threshold2
283093.0,16.0,35871.0,>threshold2
324453.0,128.0,8.0,>threshold2
324445.0,128.0,8.0,>threshold2
324461.0,96.0,8.0,>threshold2
324467.0,16.0,134727.0,>threshold2
324468.0,16.0,491.0,>threshold2
324485.0,16.0,571.0,>threshold2
324486.0,96.0,134653.0,>threshold2
324373.0,128.0,6.0,>threshold2
324245.0,48.0,134780.0,>threshold2
324248.0,80.0,94396.0,>threshold2
545994.0,128.0,8.0,>threshold2
546106.0,128.0,8.0,>threshold2
546018.0,128.0,8.0,>threshold2
546130.0,128.0,8.0,>threshold2
546002.0,128.0,8.0,>threshold2
546090.0,128.0,8.0,>threshold2
546210.0,128.0,8.0,>threshold2
45814.0,48.0,110790.0,>threshold2
45817.0,48.0,37.0,>threshold2
45806.0,48.0,75.0,>threshold2
309977.0,8.0,12.0,>threshold2
309978.0,16.0,60405.0,>threshold2
309979.0,96.0,60406.0,>threshold2
309985.0,8.0,9.0,>threshold2
309969.0,8.0,62911.0,>threshold2
309970.0,64.0,62926.0,>threshold2
309974.0,16.0,62924.0,>threshold2
309975.0,32.0,62928.0,>threshold2
309977.0,8.0,11.0,>threshold2
309961.0,120.0,13.0,>threshold2
302066.0,16.0,139076.0,>threshold2
302067.0,16.0,527.0,>threshold2
302068.0,48.0,139606.0,>threshold2
302071.0,16.0,45483.0,>threshold2
302072.0,16.0,38156.0,>threshold2
302073.0,16.0,38161.0,>threshold2
151131.0,40.0,34377.0,>threshold2
151123.0,88.0,8.0,>threshold2
151129.0,40.0,10.0,>threshold2
25337.0,48.0,37622.0,>threshold2
203873.0,8.0,1.0,>threshold2
203874.0,16.0,6.0,>threshold2
203857.0,8.0,42939.0,>threshold2
203858.0,112.0,42940.0,>threshold2
203865.0,8.0,15.0,>threshold2
12905.0,104.0,22.0,>threshold2
12897.0,72.0,7.0,>threshold2
12902.0,16.0,64391.0,>threshold2
12903.0,16.0,67406.0,>threshold2
12904.0,16.0,131802.0,>threshold2
109032.0,120.0,6.0,>threshold2
152380.0,16.0,8.0,>threshold2
152364.0,128.0,1.0,>threshold2
395132.0,8.0,55427.0,>threshold2
152372.0,128.0,55435.0,>threshold2
152356.0,128.0,8.0,>threshold2
96352.0,24.0,124651.0,>threshold2
395132.0,8.0,69208.0,>threshold2
127548.0,32.0,55451.0,>threshold2
127540.0,128.0,2.0,>threshold2
20982.0,8.0,45037.0,>threshold2
22432.0,32.0,1.0,>threshold2
31297.0,40.0,55797.0,>threshold2
109012.0,128.0,3.0,>threshold2
109020.0,48.0,8.0,>threshold2
109023.0,48.0,154454.0,>threshold2
109026.0,32.0,154457.0,>threshold2
109004.0,128.0,2.0,>threshold2
291498.0,16.0,65895.0,>threshold2
291499.0,16.0,15.0,>threshold2
291500.0,16.0,28.0,>threshold2
291501.0,16.0,38.0,>threshold2
291502.0,16.0,3.0,>threshold2
291503.0,16.0,74035.0,>threshold2
291504.0,32.0,139946.0,>threshold2
398606.0,8.0,42069.0,>threshold2
59383.0,128.0,42071.0,>threshold2
59399.0,8.0,9.0,>threshold2
170114.0,120.0,16.0,>threshold2
170122.0,8.0,8.0,>threshold2
170106.0,120.0,16.0,>threshold2
170114.0,8.0,8.0,>threshold2
170098.0,8.0,16.0,>threshold2
170099.0,16.0,115534.0,>threshold2
170100.0,48.0,115535.0,>threshold2
170103.0,16.0,120292.0,>threshold2
170104.0,32.0,120295.0,>threshold2
170106.0,8.0,12.0,>threshold2
157847.0,128.0,58398.0,>threshold2
394855.0,8.0,58400.0,>threshold2
7490.0,40.0,58409.0,>threshold2
86386.0,112.0,3.0,>threshold2
395167.0,8.0,58138.0,>threshold2
75519.0,64.0,86404.0,>threshold2
75523.0,24.0,28193.0,>threshold2
75511.0,112.0,116357.0,>threshold2
75518.0,16.0,144551.0,>threshold2
117792.0,128.0,144558.0,>threshold2
660311.0,112.0,165.0,>threshold2
660318.0,8.0,207.0,>threshold2
660222.0,8.0,165.0,>threshold2
660223.0,112.0,49.0,>threshold2
660230.0,8.0,84.0,>threshold2
660334.0,8.0,61.0,>threshold2
660335.0,112.0,30.0,>threshold2
660342.0,8.0,82.0,>threshold2
660414.0,8.0,68.0,>threshold2
660415.0,32.0,157.0,>threshold2
117421.0,128.0,8.0,>threshold2
117413.0,128.0,8.0,>threshold2
116897.0,112.0,8.0,>threshold2
116889.0,128.0,7.0,>threshold2
113134.0,8.0,8.0,>threshold2
113126.0,128.0,1.0,>threshold2
311924.0,8.0,143620.0,>threshold2
311925.0,16.0,4.0,>threshold2
311926.0,16.0,1.0,>threshold2
311927.0,16.0,3.0,>threshold2
116856.0,64.0,60033.0,>threshold2
116860.0,8.0,26514.0,>threshold2
69329.0,16.0,26518.0,>threshold2
69330.0,8.0,13807.0,>threshold2
69321.0,128.0,13808.0,>threshold2
69313.0,128.0,8.0,>threshold2
170523.0,48.0,8.0,>threshold2
170515.0,120.0,4.0,>threshold2
170523.0,8.0,4.0,>threshold2
170507.0,8.0,20747.0,>threshold2
395182.0,8.0,60618.0,>threshold2
394721.0,8.0,421.0,>threshold2
28702.0,16.0,61040.0,>threshold2
43599.0,8.0,1.0,>threshold2
43583.0,56.0,45885.0,>threshold2
43587.0,16.0,45886.0,>threshold2
43588.0,56.0,45891.0,>threshold2
43567.0,72.0,16.0,>threshold2
43572.0,56.0,25.0,>threshold2
43591.0,8.0,6.0,>threshold2
59637.0,128.0,8.0,>threshold2
378141.0,128.0,8.0,>threshold2
378269.0,128.0,9.0,>threshold2
378261.0,120.0,9.0,>threshold2
378269.0,8.0,9.0,>threshold2
378133.0,120.0,17.0,>threshold2
378141.0,8.0,26.0,>threshold2
378253.0,120.0,34.0,>threshold2
378261.0,8.0,16.0,>threshold2
378125.0,120.0,24.0,>threshold2
379802.0,128.0,51.0,>threshold2
379826.0,8.0,8.0,>threshold2
379827.0,112.0,17.0,>threshold2
379834.0,8.0,42.0,>threshold2
379914.0,96.0,49.0,>threshold2
379786.0,128.0,7.0,>threshold2
379810.0,8.0,15.0,>threshold2
379811.0,112.0,24.0,>threshold2
379818.0,8.0,48.0,>threshold2
379770.0,128.0,55.0,>threshold2
304163.0,88.0,80307.0,>threshold2
304155.0,96.0,68620.0,>threshold2
304161.0,16.0,3.0,>threshold2
304162.0,16.0,10984.0,>threshold2
304147.0,96.0,10995.0,>threshold2
304153.0,32.0,10.0,>threshold2
304139.0,96.0,18.0,>threshold2
73240.0,32.0,5020.0,>threshold2
108548.0,8.0,43135.0,>threshold2
108549.0,24.0,24969.0,>threshold2
82373.0,48.0,2.0,>threshold2
82376.0,8.0,48134.0,>threshold2
46270.0,8.0,48137.0,>threshold2
395615.0,8.0,62461.0,>threshold2
59548.0,40.0,62462.0,>threshold2
59540.0,120.0,3.0,>threshold2
59548.0,8.0,3.0,>threshold2
501739.0,128.0,8.0,>threshold2
501731.0,128.0,8.0,>threshold2
501811.0,128.0,8.0,>threshold2
501795.0,128.0,8.0,>threshold2
501835.0,8.0,8.0,>threshold2
501819.0,128.0,1.0,>threshold2
501779.0,128.0,8.0,>threshold2
501803.0,128.0,8.0,>threshold2
501763.0,128.0,8.0,>threshold2
501787.0,128.0,8.0,>threshold2
330909.0,16.0,81.0,>threshold2
330910.0,16.0,2.0,>threshold2
330911.0,16.0,2.0,>threshold2
330912.0,16.0,2.0,>threshold2
330913.0,16.0,10.0,>threshold2
330914.0,48.0,96.0,>threshold2
331005.0,16.0,99.0,>threshold2
331006.0,16.0,2.0,>threshold2
331007.0,48.0,49570.0,>threshold2
330989.0,48.0,49548.0,>threshold2
100249.0,24.0,53525.0,>threshold2
100251.0,16.0,142551.0,>threshold2
100252.0,16.0,631.0,>threshold2
100253.0,8.0,134498.0,>threshold2
100589.0,16.0,35721.0,>threshold2
100590.0,64.0,44407.0,>threshold2
313366.0,48.0,53524.0,>threshold2
313369.0,16.0,14353.0,>threshold2
49014.0,8.0,16639.0,>threshold2
49015.0,64.0,22536.0,>threshold2
312004.0,8.0,343.0,>threshold2
312005.0,16.0,4.0,>threshold2
312006.0,16.0,1.0,>threshold2
312007.0,16.0,2.0,>threshold2
312008.0,16.0,4.0,>threshold2
312009.0,16.0,18919.0,>threshold2
312010.0,16.0,19086.0,>threshold2
312011.0,16.0,77.0,>threshold2
312012.0,8.0,1.0,>threshold2
312028.0,8.0,441.0,>threshold2
160357.0,128.0,8.0,>threshold2
160381.0,64.0,8.0,>threshold2
160385.0,8.0,11992.0,>threshold2
160365.0,128.0,11996.0,>threshold2
69108.0,8.0,22345.0,>threshold2
69109.0,32.0,22353.0,>threshold2
69111.0,16.0,151916.0,>threshold2
312182.0,128.0,151918.0,>threshold2
312174.0,120.0,9.0,>threshold2
312182.0,8.0,9.0,>threshold2
308171.0,128.0,8.0,>threshold2
398593.0,8.0,56240.0,>threshold2
560039.0,64.0,3578.0,>threshold2
560043.0,64.0,52670.0,>threshold2
560151.0,128.0,4.0,>threshold2
560143.0,128.0,8.0,>threshold2
560263.0,128.0,8.0,>threshold2
560255.0,128.0,8.0,>threshold2
560239.0,128.0,8.0,>threshold2
560247.0,128.0,8.0,>threshold2
350271.0,128.0,8.0,>threshold2
350391.0,128.0,8.0,>threshold2
48279.0,24.0,8.0,>threshold2
48271.0,16.0,128982.0,>threshold2
48272.0,32.0,2.0,>threshold2
48274.0,16.0,1.0,>threshold2
48275.0,16.0,3.0,>threshold2
48276.0,16.0,31022.0,>threshold2
48277.0,32.0,97958.0,>threshold2
308962.0,8.0,85670.0,>threshold2
537553.0,128.0,117906.0,>threshold2
537665.0,24.0,117938.0,>threshold2
537667.0,64.0,36.0,>threshold2
537671.0,40.0,8.0,>threshold2
537545.0,120.0,117919.0,>threshold2
537553.0,8.0,9.0,>threshold2
537537.0,120.0,17.0,>threshold2
537545.0,8.0,8.0,>threshold2
537657.0,24.0,117943.0,>threshold2
537659.0,104.0,10.0,>threshold2
313842.0,120.0,8.0,>threshold2
313850.0,8.0,135819.0,>threshold2
313834.0,56.0,135827.0,>threshold2
313838.0,16.0,135826.0,>threshold2
313839.0,32.0,135830.0,>threshold2
313841.0,16.0,78072.0,>threshold2
313842.0,8.0,78060.0,>threshold2
329276.0,8.0,94557.0,>threshold2
329277.0,16.0,1.0,>threshold2
329278.0,16.0,5.0,>threshold2
354009.0,32.0,115672.0,>threshold2
354011.0,96.0,115680.0,>threshold2
354342.0,128.0,6.0,>threshold2
354334.0,128.0,8.0,>threshold2
354326.0,128.0,8.0,>threshold2
354318.0,128.0,8.0,>threshold2
354310.0,128.0,8.0,>threshold2
354302.0,128.0,8.0,>threshold2
354294.0,128.0,8.0,>threshold2
354286.0,128.0,8.0,>threshold2
356436.0,8.0,50.0,>threshold2
356437.0,120.0,59.0,>threshold2
356476.0,8.0,10.0,>threshold2
356477.0,8.0,18.0,>threshold2
356460.0,8.0,9.0,>threshold2
356461.0,112.0,10.0,>threshold2
356468.0,8.0,27.0,>threshold2
356420.0,8.0,24.0,>threshold2
356421.0,112.0,58.0,>threshold2
356428.0,8.0,83.0,>threshold2
357187.0,128.0,8.0,>threshold2
357147.0,128.0,8.0,>threshold2
357171.0,128.0,8.0,>threshold2
357131.0,128.0,8.0,>threshold2
357155.0,128.0,8.0,>threshold2
357115.0,128.0,8.0,>threshold2
357139.0,128.0,8.0,>threshold2
357099.0,128.0,8.0,>threshold2
357123.0,128.0,8.0,>threshold2
357107.0,128.0,8.0,>threshold2
357803.0,128.0,8.0,>threshold2
357763.0,128.0,8.0,>threshold2
357787.0,128.0,8.0,>threshold2
357747.0,128.0,8.0,>threshold2
357771.0,128.0,8.0,>threshold2
350962.0,128.0,8.0,>threshold2
350954.0,128.0,8.0,>threshold2
350946.0,128.0,8.0,>threshold2
350938.0,128.0,8.0,>threshold2
350930.0,128.0,8.0,>threshold2
78204.0,64.0,56706.0,>threshold2
78208.0,64.0,7.0,>threshold2
395482.0,8.0,70583.0,>threshold2
145860.0,64.0,57387.0,>threshold2
145852.0,64.0,9.0,>threshold2
160321.0,120.0,3.0,>threshold2
160329.0,8.0,3.0,>threshold2
160313.0,120.0,11.0,>threshold2
160321.0,8.0,8.0,>threshold2
160305.0,120.0,16.0,>threshold2
160313.0,8.0,8.0,>threshold2
352768.0,72.0,16.0,>threshold2
352752.0,88.0,5.0,>threshold2
352758.0,16.0,150447.0,>threshold2
352759.0,24.0,150453.0,>threshold2
355856.0,56.0,8.0,>threshold2
355816.0,128.0,4.0,>threshold2
355840.0,128.0,9.0,>threshold2
355824.0,8.0,1.0,>threshold2
355825.0,120.0,10.0,>threshold2
355848.0,8.0,1.0,>threshold2
355849.0,112.0,9.0,>threshold2
355832.0,8.0,29.0,>threshold2
355833.0,112.0,8.0,>threshold2
356824.0,120.0,16.0,>threshold2
356832.0,8.0,8.0,>threshold2
356816.0,120.0,16.0,>threshold2
356824.0,8.0,8.0,>threshold2
357083.0,128.0,16.0,>threshold2
357067.0,128.0,8.0,>threshold2
357091.0,128.0,8.0,>threshold2
357051.0,128.0,8.0,>threshold2
357075.0,128.0,8.0,>threshold2
357059.0,128.0,8.0,>threshold2
351265.0,8.0,7.0,>threshold2
351266.0,112.0,13.0,>threshold2
352366.0,32.0,122378.0,>threshold2
352368.0,64.0,5.0,>threshold2
352372.0,32.0,21.0,>threshold2
352486.0,64.0,286.0,>threshold2
352490.0,64.0,4.0,>threshold2
352326.0,112.0,372.0,>threshold2
352333.0,16.0,10.0,>threshold2
353941.0,120.0,119005.0,>threshold2
353949.0,8.0,4.0,>threshold2
353933.0,120.0,12.0,>threshold2
353941.0,8.0,8.0,>threshold2
353925.0,120.0,16.0,>threshold2
353933.0,8.0,8.0,>threshold2
353917.0,120.0,16.0,>threshold2
353925.0,8.0,8.0,>threshold2
353909.0,120.0,16.0,>threshold2
353917.0,8.0,8.0,>threshold2
354527.0,120.0,48.0,>threshold2
354535.0,8.0,16.0,>threshold2
354399.0,120.0,24.0,>threshold2
354407.0,8.0,16.0,>threshold2
354391.0,120.0,24.0,>threshold2
354399.0,8.0,8.0,>threshold2
354519.0,120.0,16.0,>threshold2
354527.0,8.0,24.0,>threshold2
354383.0,120.0,32.0,>threshold2
354391.0,8.0,16.0,>threshold2
354921.0,128.0,1562.0,>threshold2
354953.0,88.0,6.0,>threshold2
354959.0,8.0,1490.0,>threshold2
354937.0,128.0,1505.0,>threshold2
354945.0,120.0,8.0,>threshold2
354953.0,8.0,23.0,>threshold2
354929.0,8.0,14.0,>threshold2
354930.0,112.0,17.0,>threshold2
354937.0,8.0,16.0,>threshold2
354905.0,128.0,23.0,>threshold2
357931.0,128.0,8.0,>threshold2
357923.0,128.0,8.0,>threshold2
351495.0,24.0,125462.0,>threshold2
351497.0,64.0,34.0,>threshold2
351501.0,40.0,4.0,>threshold2
351367.0,24.0,306.0,>threshold2
351369.0,64.0,3.0,>threshold2
351373.0,40.0,20.0,>threshold2
351359.0,88.0,125723.0,>threshold2
351365.0,40.0,125748.0,>threshold2
39885.0,8.0,2.0,>threshold2
398791.0,8.0,67977.0,>threshold2
29443.0,16.0,100254.0,>threshold2
29444.0,8.0,72903.0,>threshold2
4774.0,8.0,76376.0,>threshold2
9218.0,8.0,54956.0,>threshold2
9219.0,8.0,54957.0,>threshold2
122.0,8.0,1.0,>threshold2
20917.0,8.0,1.0,>threshold2
25773.0,8.0,110389.0,>threshold2
120899.0,128.0,8.0,>threshold2
120891.0,120.0,9.0,>threshold2
120899.0,8.0,9.0,>threshold2
120939.0,24.0,17.0,>threshold2
120931.0,120.0,2.0,>threshold2
120939.0,8.0,2.0,>threshold2
120923.0,120.0,10.0,>threshold2
120931.0,8.0,8.0,>threshold2
120915.0,8.0,154424.0,>threshold2
120916.0,112.0,154440.0,>threshold2
363445.0,8.0,41.0,>threshold2
363446.0,112.0,49.0,>threshold2
363453.0,8.0,82.0,>threshold2
363533.0,8.0,18.0,>threshold2
363534.0,120.0,107.0,>threshold2
363389.0,120.0,8.0,>threshold2
363397.0,8.0,141.0,>threshold2
363589.0,8.0,68.0,>threshold2
363429.0,8.0,24.0,>threshold2
363430.0,112.0,57.0,>threshold2
108772.0,96.0,158904.0,>threshold2
108778.0,40.0,6.0,>threshold2
201028.0,16.0,83686.0,>threshold2
108104.0,88.0,77651.0,>threshold2
108110.0,32.0,6.0,>threshold2
108112.0,8.0,8.0,>threshold2
395789.0,8.0,77649.0,>threshold2
108015.0,16.0,77659.0,>threshold2
107993.0,16.0,2.0,>threshold2
395790.0,8.0,77660.0,>threshold2
107991.0,24.0,77661.0,>threshold2
295448.0,32.0,98547.0,>threshold2
295436.0,40.0,129.0,>threshold2
104159.0,56.0,5.0,>threshold2
6753.0,104.0,4.0,>threshold2
6759.0,120.0,6.0,>threshold2
6767.0,64.0,8.0,>threshold2
395821.0,8.0,78496.0,>threshold2
104150.0,88.0,78500.0,>threshold2
104155.0,56.0,5.0,>threshold2
295328.0,72.0,99638.0,>threshold2
295337.0,80.0,99642.0,>threshold2
295347.0,88.0,99479.0,>threshold2
402515.0,8.0,72594.0,>threshold2
402516.0,48.0,72600.0,>threshold2
402519.0,8.0,24.0,>threshold2
402542.0,8.0,23.0,>threshold2
402543.0,48.0,4.0,>threshold2
402546.0,32.0,69411.0,>threshold2
402550.0,32.0,69416.0,>threshold2
106611.0,96.0,4.0,>threshold2
106617.0,56.0,6.0,>threshold2
106610.0,16.0,4.0,>threshold2
106536.0,8.0,43432.0,>threshold2
106537.0,8.0,1.0,>threshold2
106536.0,8.0,1.0,>threshold2
106535.0,8.0,1.0,>threshold2
106535.0,8.0,0.0,>threshold2
106534.0,8.0,1.0,>threshold2
106534.0,8.0,0.0,>threshold2
106533.0,8.0,9.0,>threshold2
395803.0,8.0,43487.0,>threshold2
106533.0,8.0,43487.0,>threshold2
102196.0,8.0,40383.0,>threshold2
102194.0,8.0,40350.0,>threshold2
102195.0,8.0,39.0,>threshold2
102195.0,8.0,0.0,>threshold2
89434.0,8.0,1.0,>threshold2
102192.0,24.0,3.0,>threshold2
102193.0,8.0,1.0,>threshold2
395844.0,8.0,170850.0,>threshold2
89392.0,8.0,170853.0,>threshold2
395845.0,8.0,105648.0,>threshold2
394596.0,8.0,81758.0,>threshold2
96417.0,104.0,81765.0,>threshold2
96424.0,96.0,7.0,>threshold2
96411.0,96.0,6.0,>threshold2
96417.0,8.0,13.0,>threshold2
98627.0,48.0,3.0,>threshold2
98635.0,16.0,5.0,>threshold2
98638.0,40.0,1.0,>threshold2
98630.0,8.0,2.0,>threshold2
98631.0,16.0,5.0,>threshold2
98295.0,128.0,8.0,>threshold2
98279.0,128.0,8.0,>threshold2
98287.0,128.0,8.0,>threshold2
98247.0,128.0,8.0,>threshold2
98240.0,112.0,8.0,>threshold2
98237.0,8.0,68.0,>threshold2
98238.0,32.0,75.0,>threshold2
98232.0,48.0,2.0,>threshold2
98343.0,128.0,3.0,>threshold2
98439.0,128.0,8.0,>threshold2
247029.0,16.0,4.0,>threshold2
372241.0,88.0,76177.0,>threshold2
372236.0,80.0,6.0,>threshold2
372246.0,8.0,1.0,>threshold2
372247.0,80.0,6.0,>threshold2
372252.0,80.0,5.0,>threshold2
372257.0,64.0,5.0,>threshold2
372261.0,32.0,4.0,>threshold2
87260.0,48.0,2.0,>threshold2
396026.0,8.0,144770.0,>threshold2
322378.0,32.0,28687.0,>threshold2
322380.0,16.0,76713.0,>threshold2
322381.0,16.0,76715.0,>threshold2
322382.0,16.0,76967.0,>threshold2
322383.0,8.0,117.0,>threshold2
322383.0,8.0,0.0,>threshold2
322384.0,16.0,187.0,>threshold2
322385.0,64.0,77038.0,>threshold2
322389.0,16.0,4.0,>threshold2
322390.0,16.0,75709.0,>threshold2
13848.0,112.0,104.0,>threshold2
13855.0,8.0,87.0,>threshold2
13943.0,8.0,16.0,>threshold2
13944.0,112.0,78.0,>threshold2
13959.0,128.0,7.0,>threshold2
13975.0,128.0,8.0,>threshold2
13967.0,128.0,8.0,>threshold2
13990.0,128.0,8.0,>threshold2
14006.0,24.0,9.0,>threshold2
14008.0,16.0,126564.0,>threshold2
97800.0,128.0,8.0,>threshold2
97784.0,128.0,8.0,>threshold2
97840.0,128.0,8.0,>threshold2
97824.0,128.0,8.0,>threshold2
97856.0,96.0,8.0,>threshold2
97862.0,16.0,95605.0,>threshold2
97863.0,16.0,95611.0,>threshold2
97872.0,16.0,1.0,>threshold2
97873.0,16.0,81204.0,>threshold2
97874.0,96.0,81205.0,>threshold2
518425.0,40.0,4.0,>threshold2
518428.0,8.0,4.0,>threshold2
518422.0,8.0,4.0,>threshold2
518423.0,32.0,11.0,>threshold2
518425.0,8.0,3.0,>threshold2
85194.0,48.0,5.0,>threshold2
85197.0,8.0,81.0,>threshold2
85193.0,8.0,84.0,>threshold2
395918.0,8.0,88863.0,>threshold2
85103.0,56.0,88864.0,>threshold2
151011.0,104.0,16.0,>threshold2
151027.0,64.0,9.0,>threshold2
151039.0,32.0,28.0,>threshold2
151041.0,24.0,14.0,>threshold2
151035.0,64.0,10.0,>threshold2
151042.0,64.0,9.0,>threshold2
151046.0,8.0,4.0,>threshold2
529169.0,80.0,117077.0,>threshold2
529174.0,40.0,5.0,>threshold2
529177.0,16.0,132947.0,>threshold2
170894.0,56.0,4.0,>threshold2
394113.0,8.0,91562.0,>threshold2
82679.0,8.0,20066.0,>threshold2
82680.0,32.0,71500.0,>threshold2
82662.0,56.0,89763.0,>threshold2
81910.0,16.0,89766.0,>threshold2
491981.0,104.0,1.0,>threshold2
491969.0,96.0,7.0,>threshold2
389547.0,16.0,5.0,>threshold2
389548.0,16.0,46.0,>threshold2
389549.0,16.0,2.0,>threshold2
389550.0,16.0,2.0,>threshold2
389551.0,16.0,2.0,>threshold2
389552.0,48.0,3.0,>threshold2
389555.0,56.0,13.0,>threshold2
389558.0,8.0,3.0,>threshold2
389559.0,16.0,2.0,>threshold2
389560.0,16.0,2.0,>threshold2
164878.0,16.0,2.0,>threshold2
61596.0,72.0,162178.0,>threshold2
61601.0,72.0,5.0,>threshold2
61614.0,48.0,5.0,>threshold2
61626.0,72.0,3.0,>threshold2
61605.0,8.0,4.0,>threshold2
61606.0,32.0,9.0,>threshold2
61622.0,56.0,2.0,>threshold2
61617.0,48.0,4.0,>threshold2
61608.0,48.0,3.0,>threshold2
2547.0,80.0,21.0,>threshold2
2552.0,8.0,7.0,>threshold2
2571.0,32.0,183698.0,>threshold2
2573.0,16.0,3.0,>threshold2
2574.0,48.0,183707.0,>threshold2
2577.0,96.0,3.0,>threshold2
2558.0,8.0,9.0,>threshold2
2559.0,80.0,15.0,>threshold2
109491.0,56.0,16.0,>threshold2
71600.0,24.0,122234.0,>threshold2
71602.0,16.0,47563.0,>threshold2
71603.0,56.0,47550.0,>threshold2
71594.0,32.0,47548.0,>threshold2
71596.0,32.0,47544.0,>threshold2
71598.0,40.0,19.0,>threshold2
71606.0,8.0,18.0,>threshold2
71607.0,48.0,13.0,>threshold2
71610.0,16.0,4.0,>threshold2
95990.0,88.0,5.0,>threshold2
95974.0,88.0,6.0,>threshold2
96001.0,88.0,6.0,>threshold2
95985.0,80.0,6.0,>threshold2
95990.0,8.0,18.0,>threshold2
95996.0,80.0,23.0,>threshold2
96001.0,8.0,11.0,>threshold2
96007.0,64.0,16.0,>threshold2
96011.0,16.0,155243.0,>threshold2
96012.0,8.0,155247.0,>threshold2
395974.0,8.0,92355.0,>threshold2
395975.0,8.0,92364.0,>threshold2
69338.0,8.0,45542.0,>threshold2
138040.0,128.0,7.0,>threshold2
138048.0,128.0,8.0,>threshold2
138056.0,128.0,8.0,>threshold2
138072.0,128.0,9.0,>threshold2
138144.0,128.0,9.0,>threshold2
138080.0,8.0,1.0,>threshold2
138081.0,120.0,10.0,>threshold2
138152.0,8.0,1.0,>threshold2
138153.0,120.0,9.0,>threshold2
138188.0,48.0,131709.0,>threshold2
138792.0,128.0,8.0,>threshold2
138808.0,128.0,9.0,>threshold2
138800.0,8.0,1.0,>threshold2
138801.0,112.0,10.0,>threshold2
138808.0,8.0,9.0,>threshold2
138848.0,128.0,16.0,>threshold2
138832.0,128.0,9.0,>threshold2
138824.0,120.0,9.0,>threshold2
138832.0,8.0,9.0,>threshold2
138816.0,8.0,17.0,>threshold2
2431.0,16.0,185294.0,>threshold2
2407.0,40.0,133166.0,>threshold2
2410.0,16.0,7.0,>threshold2
395988.0,8.0,185887.0,>threshold2
430608.0,96.0,5.0,>threshold2
430602.0,96.0,6.0,>threshold2
430626.0,88.0,6.0,>threshold2
430614.0,96.0,6.0,>threshold2
430597.0,8.0,19.0,>threshold2
430598.0,64.0,25.0,>threshold2
430631.0,8.0,7.0,>threshold2
430632.0,72.0,11.0,>threshold2
430677.0,88.0,5.0,>threshold2
430683.0,16.0,123423.0,>threshold2
51466.0,32.0,97346.0,>threshold2
158431.0,48.0,2.0,>threshold2
175164.0,16.0,4.0,>threshold2
175165.0,16.0,107466.0,>threshold2
175166.0,8.0,107467.0,>threshold2
92259.0,24.0,99148.0,>threshold2
92261.0,8.0,308.0,>threshold2
143688.0,24.0,310.0,>threshold2
67630.0,56.0,5.0,>threshold2
67634.0,8.0,10.0,>threshold2
67626.0,8.0,1.0,>threshold2
67627.0,48.0,15.0,>threshold2
67630.0,8.0,4.0,>threshold2
67643.0,8.0,1.0,>threshold2
67644.0,48.0,8.0,>threshold2
67647.0,16.0,3.0,>threshold2
606194.0,32.0,93602.0,>threshold2
606196.0,48.0,93603.0,>threshold2
94543.0,24.0,6.0,>threshold2
12682.0,72.0,163141.0,>threshold2
12686.0,8.0,4.0,>threshold2
10880.0,64.0,163139.0,>threshold2
10880.0,8.0,0.0,>threshold2
10620.0,16.0,5.0,>threshold2
10621.0,24.0,193241.0,>threshold2
11928.0,56.0,193242.0,>threshold2
396043.0,8.0,181486.0,>threshold2
184752.0,96.0,4.0,>threshold2
110890.0,96.0,7.0,>threshold2
184758.0,8.0,1.0,>threshold2
184759.0,48.0,8.0,>threshold2
110902.0,64.0,3.0,>threshold2
110896.0,8.0,4.0,>threshold2
110897.0,80.0,9.0,>threshold2
110902.0,8.0,5.0,>threshold2
167412.0,56.0,10.0,>threshold2
136950.0,48.0,4.0,>threshold2
328150.0,8.0,14.0,>threshold2
328146.0,8.0,13.0,>threshold2
328147.0,16.0,4.0,>threshold2
328148.0,16.0,2.0,>threshold2
328149.0,16.0,1.0,>threshold2
328150.0,8.0,12.0,>threshold2
271878.0,56.0,126474.0,>threshold2
271895.0,80.0,4.0,>threshold2
271885.0,80.0,6.0,>threshold2
271900.0,8.0,1.0,>threshold2
396077.0,8.0,181091.0,>threshold2
8405.0,96.0,181093.0,>threshold2
8411.0,64.0,6.0,>threshold2
79134.0,64.0,4.0,>threshold2
79138.0,8.0,4.0,>threshold2
175876.0,72.0,1.0,>threshold2
175880.0,32.0,4.0,>threshold2
63755.0,104.0,3.0,>threshold2
63762.0,104.0,7.0,>threshold2
63768.0,24.0,6.0,>threshold2
569046.0,32.0,79.0,>threshold2
569048.0,64.0,29.0,>threshold2
569041.0,80.0,40.0,>threshold2
569056.0,40.0,45.0,>threshold2
569058.0,88.0,2.0,>threshold2
569064.0,8.0,11.0,>threshold2
569127.0,8.0,6.0,>threshold2
569128.0,72.0,21.0,>threshold2
395496.0,8.0,35569.0,>threshold2
569155.0,80.0,35644.0,>threshold2
569160.0,8.0,54.0,>threshold2
569152.0,48.0,60.0,>threshold2
569160.0,96.0,51.0,>threshold2
393271.0,8.0,56485.0,>threshold2
73737.0,32.0,169654.0,>threshold2
519869.0,72.0,2.0,>threshold2
519880.0,88.0,5.0,>threshold2
519874.0,96.0,6.0,>threshold2
519885.0,8.0,1.0,>threshold2
519886.0,80.0,7.0,>threshold2
519898.0,72.0,5.0,>threshold2
519891.0,64.0,5.0,>threshold2
519895.0,48.0,4.0,>threshold2
519898.0,8.0,9.0,>threshold2
641061.0,8.0,1.0,>threshold2
641062.0,80.0,6.0,>threshold2
641049.0,8.0,1.0,>threshold2
641050.0,80.0,6.0,>threshold2
641055.0,8.0,17.0,>threshold2
641072.0,96.0,22.0,>threshold2
641067.0,80.0,7.0,>threshold2
641072.0,8.0,7.0,>threshold2
641078.0,8.0,6.0,>threshold2
641079.0,72.0,6.0,>threshold2
115639.0,16.0,2.0,>threshold2
115625.0,64.0,3.0,>threshold2
160416.0,56.0,13142.0,>threshold2
160420.0,8.0,12.0,>threshold2
69109.0,32.0,23261.0,>threshold2
69111.0,8.0,151916.0,>threshold2
160429.0,32.0,128651.0,>threshold2
160408.0,16.0,5.0,>threshold2
160424.0,16.0,13.0,>threshold2
69111.0,8.0,128659.0,>threshold2
604337.0,24.0,1.0,>threshold2
386573.0,8.0,102289.0,>threshold2
313366.0,32.0,76.0,>threshold2
313416.0,32.0,27987.0,>threshold2
386653.0,40.0,3.0,>threshold2
386656.0,8.0,53.0,>threshold2
200662.0,16.0,32925.0,>threshold2
386656.0,48.0,32925.0,>threshold2
394864.0,8.0,89760.0,>threshold2
386659.0,8.0,89757.0,>threshold2
386660.0,48.0,1.0,>threshold2
124807.0,8.0,22776.0,>threshold2
604332.0,16.0,67.0,>threshold2
604333.0,16.0,1.0,>threshold2
604334.0,8.0,1.0,>threshold2
604333.0,8.0,1.0,>threshold2
604337.0,24.0,100654.0,>threshold2
385026.0,8.0,112359.0,>threshold2
313290.0,32.0,112289.0,>threshold2
313372.0,32.0,73.0,>threshold2
313546.0,32.0,27844.0,>threshold2
313612.0,32.0,138.0,>threshold2
313366.0,32.0,27709.0,>threshold2
606516.0,8.0,96181.0,>threshold2
282887.0,16.0,36242.0,>threshold2
386797.0,48.0,99889.0,>threshold2
386800.0,48.0,13539.0,>threshold2
386803.0,48.0,3.0,>threshold2
386826.0,16.0,7373.0,>threshold2
386827.0,32.0,2.0,>threshold2
63527.0,8.0,97303.0,>threshold2
283146.0,32.0,1157.0,>threshold2
386829.0,32.0,96144.0,>threshold2
386831.0,24.0,16.0,>threshold2
200685.0,16.0,29799.0,>threshold2
386832.0,48.0,29798.0,>threshold2
395496.0,8.0,85785.0,>threshold2
386835.0,8.0,85782.0,>threshold2
386926.0,8.0,84272.0,>threshold2
386927.0,16.0,2.0,>threshold2
386928.0,24.0,52.0,>threshold2
385026.0,8.0,16395.0,>threshold2
200701.0,16.0,46003.0,>threshold2
386943.0,16.0,29579.0,>threshold2
645901.0,120.0,1.0,>threshold2
124807.0,8.0,80124.0,>threshold2
124664.0,8.0,81657.0,>threshold2
532478.0,32.0,49739.0,>threshold2
532638.0,16.0,332.0,>threshold2
532486.0,32.0,52.0,>threshold2
532489.0,16.0,4.0,>threshold2
532634.0,48.0,33.0,>threshold2
393248.0,8.0,99972.0,>threshold2
393238.0,16.0,72815.0,>threshold2
393239.0,16.0,36639.0,>threshold2
397682.0,8.0,1338.0,>threshold2
396256.0,8.0,100674.0,>threshold2
398616.0,8.0,898.0,>threshold2
394812.0,8.0,428.0,>threshold2
394874.0,8.0,79040.0,>threshold2
385026.0,8.0,22316.0,>threshold2
395496.0,8.0,101978.0,>threshold2
395506.0,8.0,10.0,>threshold2
394261.0,8.0,1321.0,>threshold2
395766.0,8.0,1542.0,>threshold2
396201.0,8.0,343.0,>threshold2
393234.0,8.0,99952.0,>threshold2
396208.0,8.0,99958.0,>threshold2
393749.0,8.0,75791.0,>threshold2
398146.0,8.0,121882.0,>threshold2
398145.0,8.0,1.0,>threshold2
397608.0,8.0,2050.0,>threshold2
398068.0,8.0,80305.0,>threshold2
395633.0,8.0,300.0,>threshold2
393283.0,8.0,90516.0,>threshold2
397112.0,8.0,557.0,>threshold2
397102.0,8.0,10.0,>threshold2
397936.0,8.0,16791.0,>threshold2
393396.0,8.0,88021.0,>threshold2
393394.0,8.0,2.0,>threshold2
398637.0,8.0,7068.0,>threshold2
393713.0,8.0,50009.0,>threshold2
398633.0,8.0,87220.0,>threshold2
398578.0,8.0,11487.0,>threshold2
393489.0,8.0,3870.0,>threshold2
397705.0,8.0,3371.0,>threshold2
62054.0,8.0,14170.0,>threshold2
396370.0,8.0,9747.0,>threshold2
281456.0,16.0,36541.0,>threshold2
282682.0,16.0,35605.0,>threshold2
283148.0,80.0,48600.0,>threshold2
283153.0,16.0,2451.0,>threshold2
288653.0,8.0,102759.0,>threshold2
288654.0,8.0,8.0,>threshold2
466332.0,8.0,191931.0,>threshold2
632359.0,8.0,77677.0,>threshold2
288859.0,8.0,14463.0,>threshold2
288860.0,16.0,107.0,>threshold2
288861.0,24.0,423.0,>threshold2
288862.0,56.0,1.0,>threshold2
111829.0,8.0,5301.0,>threshold2
247231.0,56.0,81180.0,>threshold2
247235.0,8.0,17123.0,>threshold2
10.0,8.0,16662.0,>threshold2
671977.0,8.0,1749.0,>threshold2
382294.0,8.0,11188.0,>threshold2
57770.0,64.0,230.0,>threshold2
11.0,8.0,115756.0,>threshold2
393269.0,8.0,2706.0,>threshold2
440415.0,8.0,113179.0,>threshold2
397928.0,8.0,15455.0,>threshold2
394964.0,8.0,18031.0,>threshold2
161806.0,8.0,29604.0,>threshold2
14.0,8.0,113096.0,>threshold2
61994.0,8.0,113097.0,>threshold2
305935.0,16.0,29539.0,>threshold2
201599.0,8.0,32173.0,>threshold2
70223.0,48.0,2633.0,>threshold2
38879.0,8.0,13716.0,>threshold2
5.0,8.0,126823.0,>threshold2
395416.0,8.0,101927.0,>threshold2
394083.0,8.0,103932.0,>threshold2
669118.0,8.0,2474.0,>threshold2
394903.0,8.0,11773.0,>threshold2
382267.0,8.0,2402.0,>threshold2
282932.0,16.0,931.0,>threshold2
178049.0,24.0,1.0,>threshold2
673806.0,8.0,2.0,>threshold2
178036.0,64.0,1.0,>threshold2
178027.0,64.0,5.0,>threshold2
387614.0,8.0,94744.0,>threshold2
152260.0,8.0,185931.0,>threshold2
152260.0,16.0,0.0,>threshold2
41358.0,8.0,57114.0,>threshold2
41359.0,8.0,57116.0,>threshold2
624105.0,8.0,1.0,>threshold2
624105.0,8.0,0.0,>threshold2
387614.0,8.0,185934.0,>threshold2
624106.0,8.0,185935.0,>threshold2
624110.0,8.0,1.0,>threshold2
620053.0,120.0,9.0,>threshold2
620061.0,8.0,18.0,>threshold2
620006.0,120.0,122.0,>threshold2
620021.0,120.0,8.0,>threshold2
620029.0,8.0,52.0,>threshold2
620037.0,8.0,8.0,>threshold2
620038.0,120.0,52.0,>threshold2
620109.0,128.0,8.0,>threshold2
620117.0,128.0,8.0,>threshold2
620277.0,120.0,8.0,>threshold2
620285.0,8.0,50.0,>threshold2
620269.0,8.0,10.0,>threshold2
620270.0,112.0,68.0,>threshold2
620277.0,8.0,8.0,>threshold2
620342.0,112.0,84.0,>threshold2
620349.0,8.0,57.0,>threshold2
620309.0,8.0,41.0,>threshold2
620310.0,112.0,23.0,>threshold2
564079.0,8.0,8.0,>threshold2
564080.0,120.0,8.0,>threshold2
564087.0,112.0,7.0,>threshold2
397992.0,8.0,96847.0,>threshold2
641156.0,128.0,96855.0,>threshold2
276743.0,64.0,8.0,>threshold2
641148.0,128.0,4.0,>threshold2
641140.0,128.0,8.0,>threshold2
660154.0,56.0,8.0,>threshold2
660158.0,8.0,90520.0,>threshold2
40510.0,32.0,119637.0,>threshold2
40512.0,32.0,13.0,>threshold2
40488.0,64.0,105276.0,>threshold2
390382.0,64.0,14330.0,>threshold2
382280.0,8.0,87932.0,>threshold2
399082.0,8.0,49422.0,>threshold2
633025.0,64.0,78752.0,>threshold2
633055.0,32.0,14.0,>threshold2
633057.0,32.0,35.0,>threshold2
631606.0,64.0,2777.0,>threshold2
26451.0,64.0,19.0,>threshold2
440418.0,64.0,22128.0,>threshold2
86162.0,64.0,22142.0,>threshold2
395431.0,8.0,51909.0,>threshold2
397928.0,8.0,14342.0,>threshold2
382266.0,8.0,2779.0,>threshold2
370573.0,64.0,37427.0,>threshold2
370590.0,64.0,17.0,>threshold2
26457.0,24.0,2894.0,>threshold2
26459.0,40.0,9.0,>threshold2
395023.0,8.0,39475.0,>threshold2
189217.0,16.0,39482.0,>threshold2
189218.0,48.0,10.0,>threshold2
201771.0,64.0,7993.0,>threshold2
48428.0,8.0,16693.0,>threshold2
201785.0,64.0,16706.0,>threshold2
398451.0,8.0,16705.0,>threshold2
103576.0,64.0,91021.0,>threshold2
200789.0,16.0,160549.0,>threshold2
382303.0,8.0,79985.0,>threshold2
394825.0,8.0,55250.0,>threshold2
127798.0,64.0,106037.0,>threshold2
271988.0,64.0,4.0,>threshold2
398826.0,8.0,116588.0,>threshold2
537521.0,64.0,79321.0,>threshold2
537758.0,16.0,117765.0,>threshold2
537759.0,48.0,11.0,>threshold2
395769.0,8.0,49845.0,>threshold2
311451.0,16.0,32224.0,>threshold2
311452.0,16.0,117146.0,>threshold2
624560.0,8.0,303.0,>threshold2
624607.0,8.0,34.0,>threshold2
624678.0,8.0,23.0,>threshold2
624666.0,8.0,220.0,>threshold2
624665.0,8.0,80.0,>threshold2
624552.0,8.0,87.0,>threshold2
624671.0,8.0,8.0,>threshold2
624667.0,8.0,77.0,>threshold2
624664.0,8.0,33.0,>threshold2
624613.0,8.0,156.0,>threshold2
624605.0,8.0,219.0,>threshold2
624294.0,8.0,524.0,>threshold2
624176.0,8.0,3.0,>threshold2
624407.0,8.0,232.0,>threshold2
624617.0,8.0,1.0,>threshold2
624408.0,8.0,241.0,>threshold2
624614.0,8.0,17.0,>threshold2
624176.0,8.0,503.0,>threshold2
624294.0,8.0,3.0,>threshold2
624585.0,8.0,149.0,>threshold2
624764.0,8.0,295.0,>threshold2
624653.0,8.0,251.0,>threshold2
624588.0,8.0,55.0,>threshold2
624576.0,8.0,202.0,>threshold2
624575.0,8.0,180.0,>threshold2
510428.0,40.0,32207.0,>threshold2
304836.0,32.0,32182.0,>threshold2
304838.0,32.0,31890.0,>threshold2
304846.0,64.0,2.0,>threshold2
111832.0,8.0,307.0,>threshold2
189064.0,128.0,92080.0,>threshold2
398647.0,8.0,96647.0,>threshold2
189067.0,8.0,96650.0,>threshold2
189066.0,8.0,1.0,>threshold2
189065.0,8.0,1.0,>threshold2
111850.0,8.0,97872.0,>threshold2
385026.0,8.0,116515.0,>threshold2
111787.0,16.0,114794.0,>threshold2
111788.0,8.0,604.0,>threshold2
75626.0,8.0,3112.0,>threshold2
111790.0,8.0,144.0,>threshold2
10895.0,8.0,23.0,>threshold2
111791.0,8.0,899.0,>threshold2
10896.0,8.0,91166.0,>threshold2
111795.0,8.0,88991.0,>threshold2
282184.0,16.0,6.0,>threshold2
282603.0,16.0,2.0,>threshold2
282858.0,16.0,1.0,>threshold2
288863.0,16.0,2859.0,>threshold2
288859.0,8.0,532.0,>threshold2
288860.0,16.0,107.0,>threshold2
288861.0,40.0,423.0,>threshold2
34064.0,8.0,2877.0,>threshold2
34064.0,8.0,0.0,>threshold2
34064.0,8.0,0.0,>threshold2
283049.0,16.0,1.0,>threshold2
282821.0,16.0,1.0,>threshold2
282571.0,16.0,91723.0,>threshold2
282753.0,16.0,1.0,>threshold2
282277.0,16.0,91749.0,>threshold2
282325.0,16.0,23701.0,>threshold2
282515.0,16.0,60240.0,>threshold2
282304.0,16.0,48256.0,>threshold2
282172.0,16.0,125198.0,>threshold2
619853.0,120.0,8.0,>threshold2
619789.0,40.0,92098.0,>threshold2
619792.0,80.0,92165.0,>threshold2
619797.0,8.0,76.0,>threshold2
619813.0,8.0,75.0,>threshold2
619814.0,112.0,6.0,>threshold2
619821.0,8.0,38.0,>threshold2
619821.0,120.0,0.0,>threshold2
619829.0,8.0,25.0,>threshold2
628003.0,120.0,7.0,>threshold2
628011.0,8.0,16.0,>threshold2
628099.0,128.0,24.0,>threshold2
628091.0,120.0,9.0,>threshold2
628099.0,8.0,9.0,>threshold2
628083.0,120.0,17.0,>threshold2
628091.0,8.0,8.0,>threshold2
628019.0,8.0,25.0,>threshold2
628020.0,120.0,41.0,>threshold2
628027.0,128.0,7.0,>threshold2
628403.0,8.0,8.0,>threshold2
628404.0,120.0,8.0,>threshold2
628283.0,128.0,8.0,>threshold2
628267.0,128.0,9.0,>threshold2
628275.0,120.0,8.0,>threshold2
628283.0,8.0,17.0,>threshold2
628291.0,8.0,8.0,>threshold2
628292.0,120.0,17.0,>threshold2
628299.0,128.0,7.0,>threshold2
628259.0,8.0,73.0,>threshold2
628420.0,112.0,40.0,>threshold2
628427.0,8.0,8.0,>threshold2
512392.0,128.0,15.0,>threshold2
24448.0,8.0,16.0,>threshold2
24449.0,120.0,24.0,>threshold2
512384.0,16.0,8.0,>threshold2
512385.0,16.0,149651.0,>threshold2
512386.0,80.0,149652.0,>threshold2
512391.0,16.0,149661.0,>threshold2
282474.0,16.0,128178.0,>threshold2
282426.0,16.0,17.0,>threshold2
282585.0,16.0,36542.0,>threshold2
282587.0,16.0,32.0,>threshold2
282578.0,16.0,91601.0,>threshold2
288492.0,8.0,103495.0,>threshold2
288493.0,8.0,2488.0,>threshold2
387741.0,40.0,8705.0,>threshold2
385026.0,8.0,18720.0,>threshold2
393460.0,8.0,98581.0,>threshold2
393476.0,8.0,27080.0,>threshold2
394063.0,8.0,71858.0,>threshold2
393804.0,8.0,205.0,>threshold2
394194.0,8.0,320.0,>threshold2
394092.0,8.0,88.0,>threshold2
624197.0,8.0,107038.0,>threshold2
394716.0,8.0,106293.0,>threshold2
394841.0,8.0,122.0,>threshold2
394865.0,8.0,24.0,>threshold2
670014.0,8.0,854.0,>threshold2
670015.0,24.0,95700.0,>threshold2
41630.0,8.0,4419.0,>threshold2
111831.0,8.0,91635.0,>threshold2
10898.0,8.0,404.0,>threshold2
44392.0,8.0,83.0,>threshold2
387867.0,8.0,93416.0,>threshold2
387868.0,40.0,93426.0,>threshold2
387881.0,40.0,3.0,>threshold2
200797.0,16.0,76664.0,>threshold2
124495.0,8.0,108859.0,>threshold2
387883.0,64.0,185521.0,>threshold2
393288.0,8.0,12296.0,>threshold2
111796.0,8.0,4154.0,>threshold2
673770.0,8.0,1741.0,>threshold2
5.0,8.0,100610.0,>threshold2
673797.0,8.0,1516.0,>threshold2
672057.0,8.0,96459.0,>threshold2
668304.0,8.0,92926.0,>threshold2
668303.0,8.0,1.0,>threshold2
301869.0,16.0,78317.0,>threshold2
301870.0,16.0,5.0,>threshold2
301871.0,16.0,12.0,>threshold2
301872.0,16.0,15.0,>threshold2
144792.0,8.0,105389.0,>threshold2
394937.0,8.0,13763.0,>threshold2
394966.0,8.0,60699.0,>threshold2
394950.0,8.0,60712.0,>threshold2
144791.0,8.0,13761.0,>threshold2
103932.0,8.0,2847.0,>threshold2
103935.0,8.0,3938.0,>threshold2
144790.0,8.0,1.0,>threshold2
394888.0,8.0,102029.0,>threshold2
395555.0,8.0,90453.0,>threshold2
10200.0,8.0,105021.0,>threshold2
13087.0,8.0,3.0,>threshold2
395558.0,8.0,107847.0,>threshold2
395090.0,8.0,93108.0,>threshold2
395769.0,8.0,613.0,>threshold2
395556.0,8.0,179.0,>threshold2
395768.0,8.0,178.0,>threshold2
72404.0,8.0,58393.0,>threshold2
395613.0,8.0,241.0,>threshold2
395260.0,8.0,313.0,>threshold2
395084.0,8.0,173.0,>threshold2
395046.0,8.0,30.0,>threshold2
395046.0,8.0,0.0,>threshold2
395478.0,8.0,393.0,>threshold2
395167.0,8.0,3.0,>threshold2
668096.0,8.0,21036.0,>threshold2
670034.0,32.0,20.0,>threshold2
669202.0,32.0,6.0,>threshold2
398747.0,8.0,10313.0,>threshold2
458742.0,8.0,71559.0,>threshold2
393904.0,8.0,26204.0,>threshold2
393281.0,8.0,387.0,>threshold2
393486.0,8.0,101.0,>threshold2
393808.0,8.0,97478.0,>threshold2
458705.0,8.0,71496.0,>threshold2
458726.0,8.0,52.0,>threshold2
458747.0,8.0,17.0,>threshold2
394751.0,8.0,27121.0,>threshold2
458702.0,8.0,27152.0,>threshold2
396367.0,8.0,1414.0,>threshold2
396261.0,8.0,89.0,>threshold2
458748.0,8.0,26427.0,>threshold2
394042.0,8.0,63975.0,>threshold2
394995.0,8.0,27421.0,>threshold2
393487.0,8.0,210.0,>threshold2
394150.0,8.0,484.0,>threshold2
393285.0,8.0,57787.0,>threshold2
394048.0,8.0,3249.0,>threshold2
282213.0,16.0,32967.0,>threshold2
282394.0,16.0,36587.0,>threshold2
395506.0,8.0,13949.0,>threshold2
288653.0,8.0,89475.0,>threshold2
288654.0,8.0,8.0,>threshold2
58443.0,112.0,99792.0,>threshold2
394032.0,16.0,100272.0,>threshold2
394033.0,8.0,185.0,>threshold2
394098.0,8.0,28877.0,>threshold2
393275.0,8.0,69007.0,>threshold2
282417.0,16.0,57062.0,>threshold2
282779.0,16.0,93227.0,>threshold2
282695.0,16.0,77206.0,>threshold2
282551.0,16.0,73826.0,>threshold2
282123.0,16.0,3616.0,>threshold2
283026.0,16.0,92992.0,>threshold2
281673.0,16.0,1.0,>threshold2
282610.0,16.0,1.0,>threshold2
283123.0,16.0,1.0,>threshold2
398670.0,8.0,10418.0,>threshold2
668912.0,8.0,4908.0,>threshold2
668850.0,8.0,4029.0,>threshold2
388345.0,32.0,80008.0,>threshold2
398574.0,8.0,1.0,>threshold2
90842.0,8.0,11101.0,>threshold2
398928.0,16.0,190507.0,>threshold2
398928.0,8.0,0.0,>threshold2
222029.0,32.0,14922.0,>threshold2
397887.0,8.0,12629.0,>threshold2
398074.0,16.0,93172.0,>threshold2
398074.0,8.0,0.0,>threshold2
394041.0,8.0,102071.0,>threshold2
283146.0,32.0,90742.0,>threshold2
288858.0,16.0,25.0,>threshold2
395121.0,8.0,11890.0,>threshold2
203846.0,16.0,7.0,>threshold2
203847.0,16.0,2.0,>threshold2
203848.0,16.0,2.0,>threshold2
203849.0,16.0,2.0,>threshold2
203850.0,48.0,5.0,>threshold2
203853.0,8.0,22.0,>threshold2
173313.0,24.0,25.0,>threshold2
173315.0,16.0,3.0,>threshold2
173316.0,16.0,2.0,>threshold2
173317.0,8.0,2.0,>threshold2
505049.0,8.0,0.0,>threshold2
505050.0,16.0,2.0,>threshold2
505051.0,16.0,2.0,>threshold2
505052.0,24.0,2.0,>threshold2
505041.0,8.0,17.0,>threshold2
505037.0,24.0,32.0,>threshold2
505039.0,16.0,3.0,>threshold2
505040.0,16.0,2.0,>threshold2
380263.0,64.0,22.0,>threshold2
380255.0,8.0,28.0,>threshold2
380256.0,16.0,75833.0,>threshold2
380257.0,40.0,75839.0,>threshold2
313546.0,32.0,140.0,>threshold2
313612.0,32.0,138.0,>threshold2
313548.0,32.0,136.0,>threshold2
313562.0,8.0,60.0,>threshold2
313563.0,16.0,69341.0,>threshold2
313564.0,8.0,69342.0,>threshold2
500852.0,16.0,39109.0,>threshold2
652890.0,8.0,89696.0,>threshold2
41565.0,8.0,50406.0,>threshold2
41643.0,8.0,126829.0,>threshold2
395562.0,8.0,14284.0,>threshold2
301869.0,16.0,65111.0,>threshold2
301870.0,16.0,5.0,>threshold2
301871.0,16.0,12.0,>threshold2
301872.0,16.0,15.0,>threshold2
301801.0,64.0,95424.0,>threshold2
301805.0,24.0,4.0,>threshold2
301807.0,16.0,97485.0,>threshold2
63037.0,8.0,74026.0,>threshold2
26233.0,8.0,14.0,>threshold2
394934.0,8.0,14857.0,>threshold2
395819.0,8.0,81507.0,>threshold2
395820.0,8.0,17331.0,>threshold2
395278.0,8.0,99149.0,>threshold2
395819.0,8.0,81818.0,>threshold2
40591.0,8.0,95292.0,>threshold2
40588.0,8.0,1.0,>threshold2
395470.0,8.0,352.0,>threshold2
395613.0,8.0,123.0,>threshold2
397638.0,8.0,1806.0,>threshold2
397635.0,8.0,2418.0,>threshold2
395327.0,8.0,358.0,>threshold2
397971.0,8.0,71032.0,>threshold2
37925.0,8.0,14845.0,>threshold2
395478.0,8.0,503.0,>threshold2
394969.0,8.0,454.0,>threshold2
399082.0,8.0,37454.0,>threshold2
394965.0,8.0,37451.0,>threshold2
394970.0,8.0,4.0,>threshold2
394918.0,8.0,50.0,>threshold2
394913.0,8.0,5.0,>threshold2
394975.0,8.0,59.0,>threshold2
394966.0,8.0,60734.0,>threshold2
395474.0,8.0,61178.0,>threshold2
395440.0,8.0,314.0,>threshold2
395484.0,8.0,45.0,>threshold2
398907.0,8.0,79155.0,>threshold2
395156.0,8.0,78214.0,>threshold2
395170.0,8.0,11.0,>threshold2
396234.0,8.0,90647.0,>threshold2
396234.0,8.0,90635.0,>threshold2
396235.0,8.0,907.0,>threshold2
668711.0,8.0,92687.0,>threshold2
30820.0,8.0,61272.0,>threshold2
398064.0,8.0,73290.0,>threshold2
58870.0,8.0,6.0,>threshold2
396681.0,8.0,36286.0,>threshold2
26225.0,8.0,109869.0,>threshold2
34682.0,8.0,12313.0,>threshold2
46099.0,8.0,12338.0,>threshold2
288653.0,8.0,196448.0,>threshold2
288654.0,8.0,8.0,>threshold2
282032.0,16.0,52703.0,>threshold2
288666.0,8.0,40517.0,>threshold2
288667.0,8.0,918.0,>threshold2
397769.0,8.0,10905.0,>threshold2
282055.0,16.0,10906.0,>threshold2
167392.0,8.0,89520.0,>threshold2
394751.0,8.0,14448.0,>threshold2
283148.0,32.0,11524.0,>threshold2
389388.0,48.0,183599.0,>threshold2
385025.0,8.0,24084.0,>threshold2
672551.0,8.0,1.0,>threshold2
672545.0,8.0,1.0,>threshold2
672556.0,8.0,205542.0,>threshold2
660214.0,8.0,93799.0,>threshold2
672376.0,8.0,95731.0,>threshold2
672378.0,8.0,1.0,>threshold2
672502.0,8.0,1.0,>threshold2
389424.0,32.0,24125.0,>threshold2
389426.0,8.0,3.0,>threshold2
281551.0,16.0,98784.0,>threshold2
25145.0,8.0,33.0,>threshold2
25147.0,8.0,13.0,>threshold2
390286.0,56.0,86869.0,>threshold2
396370.0,8.0,99266.0,>threshold2
282033.0,16.0,125.0,>threshold2
281019.0,8.0,197482.0,>threshold2
668369.0,8.0,197481.0,>threshold2
668331.0,8.0,92244.0,>threshold2
668331.0,8.0,0.0,>threshold2
385026.0,8.0,209049.0,>threshold2
46062.0,8.0,93.0,>threshold2
396375.0,8.0,92575.0,>threshold2
668897.0,8.0,92648.0,>threshold2